# 语音指令: add
# 采集时间: 13-Apr-2025 19:57:33
# 帧数: 61
# 特征维度: 39
# 格式: 每行一帧，每帧39个特征值，用逗号分隔
-5.118164,0.516254,0.447993,0.572805,0.565576,0.869076,0.359020,0.311578,0.200868,0.323654,0.260653,0.397465,0.342144,-2.571817,0.093995,0.037500,0.192299,0.167872,0.341595,0.187652,0.151762,0.102654,0.093734,0.128467,0.082177,0.182842,-0.315543,-0.059646,-0.084898,-0.041409,0.020717,0.028646,0.011767,0.001092,-0.011022,-0.010794,0.009693,0.015252,0.017160
-5.243004,0.605761,0.306697,0.438493,0.594479,0.704566,0.292891,0.509104,0.215899,0.314389,0.441997,0.123181,0.441212,-1.697039,-0.121530,-0.210100,-0.083186,0.103567,0.213725,0.054634,0.070201,-0.000304,-0.042759,0.080063,0.088970,0.085194,0.228740,-0.024746,-0.027143,-0.040166,-0.003738,-0.056796,-0.016783,-0.038217,-0.004984,0.013623,-0.019751,-0.012005,-0.023744
-5.976509,-0.007078,-0.041675,0.412230,0.262052,0.788084,0.483535,0.246732,0.228622,0.148746,0.202885,0.214974,0.386895,-0.199410,-0.156323,-0.211343,-0.114399,0.020139,-0.018075,0.006675,-0.038567,-0.040265,-0.020565,-0.007937,0.008856,0.016470,0.435497,0.005808,0.014570,-0.019441,-0.021286,-0.071669,-0.027434,-0.035836,-0.013969,0.016833,-0.027305,-0.021234,-0.035178
-6.389332,-0.245473,-0.611559,-0.263880,0.565692,0.897454,0.161650,0.307721,-0.021824,-0.091388,0.343929,0.450296,0.316033,-0.000516,0.017501,0.001452,-0.030536,0.050061,-0.097696,0.003877,-0.086986,0.048784,0.115128,-0.026825,-0.021352,-0.030477,0.234189,0.034557,0.043421,0.025827,-0.013880,-0.041768,-0.015537,-0.019699,-0.005468,0.023916,-0.017505,-0.016128,-0.018080
-5.924980,-0.135312,-0.528483,0.142287,0.713666,0.655563,0.478091,0.145976,0.040075,0.376431,0.248095,0.298232,0.510589,0.094097,0.065443,0.032959,0.010178,0.023198,-0.075938,-0.008963,-0.057671,-0.029875,0.132245,-0.035290,-0.027247,-0.035503,0.045543,0.021379,0.022705,0.019170,-0.009830,0.002093,-0.004554,0.013306,-0.007292,-0.005151,-0.005176,0.002842,-0.004107
-5.322784,0.751518,0.533128,0.350851,0.701848,0.122948,0.330413,-0.029605,0.624178,0.955054,0.231882,-0.055510,0.172241,0.160574,0.024168,-0.014637,0.038241,-0.013843,-0.106333,-0.070312,-0.087241,-0.049731,0.051418,-0.049961,-0.019267,-0.036763,0.060235,-0.008745,-0.014814,0.001352,-0.008730,0.013964,0.012916,0.028693,-0.009750,-0.030932,0.003493,0.022611,0.001967
-5.933048,-0.104319,-0.420941,0.153675,0.348062,0.672517,0.348353,0.021741,-0.304766,0.494141,0.014966,0.291516,0.218158,0.309567,-0.001910,-0.041053,-0.015001,-0.033421,-0.033785,-0.006626,0.042102,-0.048921,-0.036136,-0.047607,0.023798,-0.023536,0.082878,-0.010246,0.006174,0.004723,0.017456,0.011599,0.028104,0.032259,0.027385,-0.020224,0.015618,0.012258,-0.003371
-5.365383,-0.134882,-0.789564,-0.033679,0.655642,0.183521,-0.233279,-0.220947,-0.192162,0.179531,0.118741,0.330490,0.213217,0.591463,-0.017008,-0.080685,-0.017793,0.001110,-0.049770,0.083341,0.059073,-0.018037,-0.041464,-0.006888,0.117376,-0.034048,0.005310,-0.005842,0.028584,0.012854,0.023033,0.015027,0.019580,0.024339,0.028994,-0.006212,0.015210,-0.000827,0.005756
-3.890480,0.260124,-0.167476,0.215501,0.513398,0.403473,0.724717,0.513147,0.110887,0.510273,-0.021394,0.269166,0.329251,0.748190,0.006593,0.104249,0.063633,0.134854,-0.052954,0.108751,0.091864,0.156444,0.018214,0.047893,-0.008959,-0.074489,-0.127546,0.004732,0.018724,0.019118,0.016564,0.015697,-0.012405,-0.006620,0.022298,-0.000510,0.003101,-0.023291,0.010174
-2.451557,0.420881,-0.158160,0.182273,0.626017,-0.070895,0.706791,0.109332,0.284882,0.657544,0.195466,0.743458,-0.114239,0.229036,-0.026495,0.119052,0.085342,0.062981,-0.019774,0.002612,0.051165,0.061820,-0.031134,0.003946,-0.014422,0.019536,-0.226059,0.016776,0.014266,0.023383,-0.004006,0.032978,-0.033124,-0.016341,-0.002561,-0.001384,0.000656,-0.029151,0.016052
-2.452606,-0.373278,-0.068303,0.450879,1.261335,0.450132,0.612276,0.459849,0.488453,0.363545,0.287214,0.030590,-0.118650,-0.217866,0.035733,-0.008532,0.066826,0.048089,0.033218,-0.075540,-0.022848,0.075162,-0.053917,-0.042186,-0.090316,0.013631,-0.185970,0.022268,-0.015283,-0.001660,-0.031184,0.024884,-0.020919,-0.014465,-0.037216,0.002759,-0.000811,-0.006007,0.005475
-4.607990,-0.029848,-0.072123,0.398534,0.700984,0.031796,-0.150695,0.137622,0.019966,0.032323,-0.017934,0.358913,0.563466,-0.372998,0.091648,0.074655,0.145996,0.002660,0.118751,-0.089184,-0.025382,0.000173,-0.024573,0.030654,-0.065908,0.029936,0.018305,-0.002904,-0.001638,-0.023811,-0.013735,0.016827,0.011677,-0.001269,-0.027851,0.016174,0.006076,-0.000644,-0.018852
-4.315281,0.688676,-0.294028,0.533838,0.795947,0.577015,0.658813,0.337505,0.733208,0.450424,-0.204614,-0.135385,0.077325,-0.097615,0.111935,0.003783,0.010869,-0.080649,0.028689,-0.018485,0.002394,-0.095077,0.026833,0.016044,-0.033598,-0.050972,0.207967,-0.072375,0.019380,-0.049325,-0.004366,-0.012281,0.027695,0.007961,-0.016092,0.004141,0.005901,0.020614,-0.005306
-4.057453,0.465857,0.425749,1.095060,0.875883,0.660767,0.097916,-0.007890,0.152442,0.437274,0.637063,0.392343,-0.016601,0.554149,-0.088971,0.092566,-0.075250,0.012556,0.072965,0.045419,0.009770,-0.065165,0.041002,0.007986,-0.052944,-0.101896,0.334751,-0.156581,-0.001820,-0.071479,-0.010711,-0.026633,0.031140,0.005535,0.011391,-0.016903,-0.013878,0.022613,0.012845
-3.429218,0.090072,-0.318673,0.156031,0.635661,0.330336,0.373687,0.539383,-0.222849,0.326945,0.057998,-0.204831,-0.172376,1.126263,-0.419368,0.119818,-0.202479,-0.001390,-0.071723,0.048631,0.000030,-0.016077,-0.064439,0.000988,0.052478,0.027407,0.298767,-0.166202,-0.011224,-0.056610,-0.027195,-0.026460,0.018399,0.004094,0.034918,-0.009523,0.000787,0.034981,0.034302
-1.407272,-0.358714,0.530653,0.066730,0.864272,0.644998,0.303615,0.092637,0.052340,0.354397,-0.104678,0.045962,0.005062,1.773647,-0.819649,-0.005051,-0.293410,-0.129089,-0.066515,0.094568,-0.001939,0.042881,-0.114501,-0.078318,0.055324,0.074737,0.078670,-0.015705,-0.022649,-0.006609,-0.047679,-0.048576,-0.007916,-0.007291,0.006027,0.004052,0.001793,0.010316,0.021857
1.817471,-1.729857,0.425652,-0.320898,0.791919,0.110176,0.889120,0.278264,0.664862,0.049255,0.164162,0.392941,0.245259,1.781338,-0.771832,-0.039631,-0.314617,-0.225573,-0.135750,0.078697,0.019701,0.109566,0.024372,0.052681,0.169293,0.105634,-0.106210,0.198831,-0.033862,0.042201,-0.037893,-0.034126,-0.045760,-0.024865,-0.028638,0.028594,-0.004136,-0.043588,-0.023410
5.092937,-4.123532,-0.006738,-0.641581,-0.063400,0.330846,0.479606,0.100567,-0.016757,-0.200238,0.053184,0.467567,0.268882,1.064588,-0.033123,-0.005619,-0.078738,-0.244726,-0.295067,-0.045225,-0.074001,-0.086008,0.018196,-0.016826,-0.039307,0.010571,-0.210897,0.334908,-0.032715,0.060386,-0.000553,-0.024074,-0.062115,-0.030749,-0.032805,0.021518,-0.002421,-0.061979,-0.046278
5.145687,-3.208093,-0.340836,-1.606302,-0.404886,-0.414158,0.819286,0.657580,0.530918,0.753729,0.321597,0.718269,0.395996,0.932165,0.676007,-0.141907,-0.003294,-0.239556,-0.249122,-0.240909,-0.169676,-0.169640,0.074879,-0.073197,-0.232449,-0.128432,-0.186578,0.263664,-0.034348,0.056753,0.016765,0.010211,-0.039573,-0.016957,-0.027927,-0.023523,-0.014960,-0.050730,-0.039733
3.975296,0.124553,0.849785,0.165469,-0.169396,-1.056517,0.045983,-0.599542,-0.465295,0.110450,-0.304248,-0.373462,-0.003776,0.864457,0.965645,-0.207316,-0.006162,-0.138025,-0.226110,-0.227728,-0.157120,-0.066772,0.012841,-0.045954,-0.213979,-0.167659,-0.202667,0.049044,-0.017155,0.009604,0.015714,0.040381,0.019046,0.031007,0.009314,-0.025808,0.007985,0.009875,-0.000972
8.540146,0.617786,-0.975308,-0.765424,-0.752689,-0.853521,-0.491179,-0.512035,-0.253024,0.380089,-0.153778,-0.730924,-0.478567,0.730019,0.703672,-0.204432,0.064757,-0.164967,-0.129377,-0.143093,-0.085168,-0.112727,-0.158164,-0.057372,-0.129177,-0.115593,-0.442964,-0.083105,0.081969,0.024152,0.028167,0.046568,0.040712,0.059413,0.021562,-0.030686,0.019023,0.043842,0.039552
9.108177,0.366129,-1.098258,-1.122142,-0.810231,-0.953438,-0.374395,-0.371273,-0.081151,0.059173,-0.024166,-0.229078,-0.415506,-0.106391,0.318282,-0.111060,-0.050725,-0.175950,-0.087810,0.032473,0.097047,-0.047830,-0.067633,0.022733,-0.022207,-0.015484,-0.551772,-0.104173,0.135461,0.042177,0.035459,0.064085,0.002476,0.053699,0.024710,-0.007122,0.018746,0.032190,0.040292
7.395462,1.327233,-0.756349,-0.549827,-1.184810,-1.324780,0.084475,-0.033523,-0.423884,-0.288076,-0.209600,-0.209817,-0.172702,-1.656690,0.373810,0.416691,0.190143,-0.021124,-0.004739,-0.081911,0.129583,-0.020617,-0.123822,0.022719,-0.004851,0.079780,-0.413816,-0.071325,0.112535,0.035313,0.051922,0.071152,-0.037526,0.030048,0.042084,0.014934,0.023455,0.019899,0.015901
3.787785,1.856677,-0.026747,-0.299539,-1.126899,-1.402855,-0.016408,-0.200996,-0.709949,-0.019370,-0.133463,-0.776779,-0.263880,-1.832525,0.346681,0.490039,0.237488,0.044212,0.156481,-0.255991,0.118995,0.069275,-0.066534,0.042179,-0.040048,0.024504,-0.052679,-0.053212,0.026713,0.021829,0.053552,0.059805,-0.042245,-0.000852,0.041873,0.011553,0.014276,0.017970,-0.009263
0.105164,2.329547,1.240226,0.071852,-0.735744,-0.656977,-1.207293,0.257537,-0.087291,-0.419135,0.043653,-0.484128,-0.026459,-1.262583,0.151937,0.330992,0.175513,0.102587,0.246391,-0.296543,0.109961,0.141126,-0.055502,0.096400,0.023658,-0.028676,0.292975,-0.075425,-0.078679,-0.031127,0.022599,0.006871,0.026820,-0.003719,0.004118,0.022883,0.012681,0.016345,-0.020664
0.485916,2.141150,1.143727,0.131228,-0.740580,-0.240698,-1.426165,0.267318,0.201164,-0.331872,0.121721,-0.353627,-0.329213,-0.450584,0.027531,0.124092,0.110319,0.152048,0.199434,-0.193287,0.081211,0.182126,-0.023935,0.080547,0.092983,-0.043075,0.298874,-0.063115,-0.077283,-0.042429,-0.002801,-0.047521,0.077179,-0.004956,-0.033045,0.011602,0.000190,0.018212,-0.005833
0.578594,2.162879,0.838376,0.385832,-0.694623,-0.259824,-1.178646,0.456214,0.050180,-0.514851,0.296800,-0.258386,-0.335152,0.097599,-0.034899,0.001534,0.010285,0.082664,-0.010409,0.071651,0.101332,-0.049380,0.017709,0.086224,0.045892,-0.053755,0.142435,-0.031628,-0.040002,-0.038881,-0.029856,-0.070258,0.066986,-0.009278,-0.053684,0.004060,-0.021138,-0.001335,0.004986
0.496597,2.088521,0.974804,0.259888,-0.134370,-0.268442,-1.310357,0.231894,0.424269,-0.144092,0.268263,-0.264480,-0.400647,-0.023110,-0.035853,0.067107,-0.008105,0.021379,-0.107255,0.122517,0.066886,-0.086531,-0.024914,0.036273,0.080096,-0.019047,-0.028451,0.003088,-0.009995,-0.023953,-0.040986,-0.049052,0.033636,-0.012752,-0.043484,-0.001646,-0.030778,-0.015175,0.015727
0.699905,2.088170,1.308260,0.057046,-0.488317,-0.709066,-0.778571,0.941616,-0.539264,-0.407981,0.536528,-0.217472,-0.353052,-0.160107,-0.056177,0.051427,-0.066867,-0.067786,-0.162927,0.031710,0.028287,-0.130394,-0.033351,-0.052413,0.014761,-0.015635,-0.132676,0.022504,0.004622,-0.001130,-0.020823,0.005657,-0.011856,-0.022637,0.015597,0.004354,-0.037207,-0.012075,0.026444
0.220615,1.904451,1.329510,0.222545,-0.701770,-0.727676,-0.800472,0.461344,-0.092207,-0.564417,0.235002,0.165174,-0.451191,-0.287160,0.058735,0.016144,-0.040743,-0.091908,-0.127921,0.062714,0.002838,-0.106719,-0.019542,-0.093388,-0.010591,0.043475,-0.150298,0.027966,0.003361,0.001831,0.002334,0.041464,-0.017455,-0.021533,0.028165,0.017908,-0.027331,-0.019051,0.020116
-0.401375,1.845368,0.977214,-0.060319,-0.863391,-1.112955,-1.213235,0.520891,-0.572092,-0.540042,-0.044668,-0.369523,-0.418056,-0.517493,0.083992,0.053640,0.008142,-0.028648,0.006626,-0.003607,-0.055676,0.074468,0.038889,-0.140413,-0.004659,0.100971,-0.168596,0.008162,0.011242,0.017049,0.030832,0.066992,0.010312,-0.017815,0.038162,0.023117,-0.005888,0.000696,0.005919
-0.917744,2.566458,1.221303,0.027908,-0.560118,-0.915876,-0.665980,0.451999,-0.281999,-0.221359,-0.072400,-0.253781,-0.082254,-0.723700,0.101213,0.083164,-0.041864,0.007531,0.083219,-0.006977,-0.071885,0.019057,0.064484,-0.137127,-0.058407,0.061176,-0.212129,-0.061585,-0.002362,0.032299,0.050986,0.076775,0.029865,-0.001475,0.023900,0.021615,0.015804,0.002430,-0.015279
-2.231449,2.282080,1.693311,0.189603,-0.750693,-0.567364,-0.860911,0.565938,0.040868,-0.333264,-0.254534,-0.033770,0.131678,-0.958360,-0.018796,0.094192,0.051573,0.101952,0.198217,0.127654,-0.087220,0.089714,0.089225,-0.087123,0.038558,0.007565,-0.164861,-0.099794,-0.029510,0.037495,0.056148,0.062871,0.063446,0.010402,0.002842,0.022229,0.039410,0.001396,-0.017760
-3.739590,2.325819,1.499233,-0.200550,-0.708475,-0.442248,-1.014196,-0.049593,-0.282859,-0.250924,-0.582920,-0.386798,-0.322162,-1.409743,-0.354351,-0.029889,0.169793,0.213403,0.316367,0.204832,-0.011704,0.061688,0.108610,-0.013921,-0.019302,-0.036760,0.037573,-0.137548,-0.048236,0.023585,0.034175,0.032859,0.053902,0.014755,0.011786,0.020096,0.053259,0.026233,0.013998
-5.430096,1.805346,1.439543,0.378687,-0.110095,-0.024894,-0.179149,0.181045,0.015215,0.056560,-0.378908,-0.040678,-0.251617,-1.162977,-0.439276,-0.119199,0.173538,0.277745,0.325855,0.350097,-0.027009,0.071248,0.174751,0.081145,-0.019072,0.004394,0.437865,-0.132762,-0.066974,-0.045127,-0.026035,-0.034773,-0.007402,0.017655,-0.012043,0.003757,0.037114,0.024920,0.024245
-8.767284,0.407452,1.122274,1.046278,0.541704,0.925431,0.367639,0.557240,0.130859,0.294780,-0.111701,-0.373722,-0.139616,-0.091642,-0.722750,-0.179953,0.064052,0.164164,0.230114,0.269827,-0.010585,0.113465,0.163649,0.165764,0.161823,0.155399,0.794329,-0.095519,-0.072064,-0.094919,-0.059952,-0.094052,-0.057616,0.005573,-0.027547,-0.019260,0.022432,0.038781,0.010991
-7.521362,0.277727,1.060480,0.704064,0.475287,0.924596,0.791106,0.073286,0.297778,0.545877,0.042144,-0.162168,0.065754,1.914525,-0.832905,-0.341124,-0.243996,-0.080476,-0.055182,0.023405,0.025377,-0.029719,0.081089,0.088977,0.129567,0.080977,0.693959,-0.067644,-0.052771,-0.073784,-0.046866,-0.090082,-0.078051,0.004760,-0.021475,-0.038407,-0.011782,0.011493,-0.020471
-3.355484,-1.763738,0.462425,0.044730,0.092699,0.620529,0.308475,-0.075456,0.321073,0.582395,0.302967,0.758051,0.551201,3.256921,-0.876520,-0.467448,-0.343323,-0.068913,-0.234234,-0.080178,-0.015352,-0.097651,0.002201,0.137983,0.191908,-0.004962,0.145695,0.076436,0.034861,0.012288,-0.003010,-0.041774,-0.048390,-0.014366,-0.014134,-0.051237,-0.052886,-0.040708,-0.048493
4.576927,-2.696789,-0.531345,-0.766223,-0.422661,-0.236889,0.015417,0.657394,-0.289240,0.440332,-0.001743,0.262501,-0.061126,2.615381,-0.872318,-0.379279,-0.186146,0.031001,-0.153315,-0.076520,-0.008178,0.012523,-0.041370,-0.005744,0.046752,-0.081303,-0.439678,0.240007,0.130790,0.069242,-0.000084,0.000627,-0.013477,-0.057022,0.005220,-0.042288,-0.050677,-0.054010,-0.032145
6.845802,-3.983788,-1.224787,-0.526443,0.530693,-0.051958,0.229917,0.153661,-0.237857,0.349215,0.821452,0.698613,-0.113201,0.898594,-0.132367,0.092543,0.117296,0.074069,-0.069849,-0.059375,-0.120806,-0.016885,-0.168192,-0.195935,-0.107408,-0.139500,-0.599712,0.345876,0.137742,0.052996,-0.063851,-0.000596,-0.017440,-0.058552,0.002704,-0.025276,-0.042851,-0.056695,-0.012783
4.763290,-4.462732,-0.651090,-0.270362,0.462399,0.242171,0.329201,-0.104973,0.649513,0.373653,-0.264072,0.184514,-0.148011,0.044058,0.592474,0.351763,0.035018,-0.164378,-0.168398,-0.104316,-0.368815,-0.034174,-0.159667,-0.136560,-0.131182,-0.105188,-0.300006,0.298265,0.036606,-0.006910,-0.095409,-0.021092,-0.035942,-0.030206,-0.001305,0.001994,0.011909,-0.013049,0.005454
2.491383,-1.798245,1.112600,0.559734,0.143396,-0.081232,-0.235300,-0.508827,-0.272090,-0.518557,-0.880780,0.086274,-0.339300,0.292693,0.982558,0.192051,-0.066419,-0.461892,-0.266890,-0.213319,-0.293425,-0.057242,-0.137015,-0.130405,-0.149663,-0.101239,0.079768,0.054471,-0.092417,-0.047799,-0.058490,-0.004625,-0.011150,0.043928,0.030859,0.042332,0.038763,0.025496,0.031777
6.997276,0.125234,0.618394,-1.094899,-1.325426,-1.341475,-0.438466,-1.479308,-0.511167,-0.203240,-0.069704,-0.300589,-0.653276,0.916237,0.804609,-0.162532,-0.156098,-0.428374,-0.248710,-0.285353,-0.167669,0.019695,-0.050793,0.038390,-0.035319,-0.071872,0.114008,-0.163675,-0.091744,-0.006906,0.022609,0.048619,0.049061,0.109764,0.025370,0.040554,-0.005505,0.034815,0.052094
7.629517,0.237587,-0.605843,-0.576013,-1.655239,-1.035970,-0.799426,-1.124520,-0.050349,-0.288783,-0.153777,-0.051306,-0.539440,1.308719,0.167507,-0.351482,-0.155626,-0.244392,-0.100108,-0.068721,0.088825,0.184405,0.086069,-0.005102,0.030553,0.069825,-0.015274,-0.237430,-0.012777,0.017758,0.080122,0.074218,0.113300,0.087378,-0.014267,0.017313,-0.028999,0.027040,0.057588
8.251888,-0.151621,-0.902066,-0.762186,-1.494674,-0.935095,-1.282138,-0.924099,0.658721,-0.092867,-0.380316,0.023130,-0.531036,0.639054,-0.230154,-0.072593,0.017841,-0.115342,0.077123,0.175099,0.244039,0.032055,0.024157,-0.252912,0.034491,0.187641,-0.170411,-0.153880,0.037823,0.030132,0.078768,0.071263,0.132581,0.017353,-0.073836,-0.013532,-0.011667,-0.007812,0.032520
10.538288,-0.578135,-0.497038,-0.663169,-1.401820,-0.948378,-0.262651,-0.203440,0.361113,-0.012962,-0.768168,0.133387,0.061136,0.564682,-0.283377,0.043211,-0.030194,-0.029280,0.091100,0.389968,0.136805,-0.173643,-0.053429,-0.214665,0.012900,0.188573,-0.239201,-0.014878,0.013900,0.020633,0.081811,0.048283,0.056138,-0.056289,-0.084531,-0.028207,0.053411,-0.020280,-0.022042
9.752674,-1.036293,0.053383,-0.951425,-2.221644,-0.867685,0.469422,-0.322096,-0.514417,-0.193117,-1.457267,-0.157713,0.293428,0.258119,-0.126640,-0.084250,-0.002811,0.043048,0.154433,0.463423,-0.080766,-0.358270,-0.091322,0.043256,-0.090409,0.100307,-0.192187,0.070680,-0.060182,0.011779,0.095320,0.023525,-0.035314,-0.074285,-0.013189,-0.007768,0.102343,-0.019648,-0.063806
10.593094,-1.244289,-0.822144,-0.701731,-1.487518,-0.458908,0.933529,-0.522666,-0.632622,-0.607869,-1.055078,0.130401,0.301537,-0.046873,0.001570,-0.249444,-0.000541,0.278213,0.187636,0.191914,-0.190194,-0.257634,-0.076536,0.234977,-0.064424,-0.064163,-0.250044,0.096091,-0.047994,0.019580,0.085822,0.010716,-0.092378,-0.035225,0.065676,0.005869,0.066090,-0.010466,-0.058631
9.894703,-0.697843,-1.327831,-0.780684,-1.165401,-0.146848,1.218209,-1.312104,-1.244095,-0.417243,0.042831,-0.572818,0.013530,-0.248623,0.154875,-0.385670,0.081368,0.434024,0.169566,-0.006968,-0.168852,-0.028085,-0.031343,0.277423,-0.079535,-0.176882,-0.316972,0.078602,0.027245,0.024621,0.038624,-0.010616,-0.102864,0.021506,0.110222,-0.002030,-0.005850,0.011329,-0.018512
10.104210,-0.771923,-1.496041,-0.771192,-0.075751,-0.054459,0.651335,-0.985576,-1.002828,-0.424153,0.039618,-0.083273,-0.230613,-0.809328,0.293955,-0.174078,0.064582,0.407112,0.128180,-0.083912,-0.102595,0.150614,-0.048196,0.151511,-0.076360,-0.124908,-0.405855,0.017050,0.094420,0.043978,-0.025367,-0.023573,-0.065088,0.036586,0.076155,-0.007773,-0.047295,0.004620,0.033486
8.289051,-0.275004,-2.207451,-0.393285,-0.034595,0.063963,0.573015,-1.225497,-0.527770,-0.506942,-0.163807,-0.575823,-0.623653,-1.489995,0.314086,0.074366,0.139297,0.256492,0.068813,-0.186385,0.017479,0.261050,-0.129508,0.028701,-0.004805,-0.020502,-0.395249,-0.070527,0.109906,0.052101,-0.045465,-0.015211,-0.029601,0.055768,0.016166,0.001226,-0.039106,0.023605,0.064040
5.949821,0.468961,-1.569505,-0.483929,0.660597,0.293649,0.705667,-1.259116,0.002086,-0.897342,0.049637,-0.371877,-0.216539,-2.222149,0.047249,0.220646,0.290340,0.164944,0.025486,-0.222781,-0.028218,0.165739,-0.094540,-0.007794,-0.072465,0.096445,-0.245163,-0.118982,0.050603,0.053979,-0.034765,-0.002078,-0.007754,0.082146,-0.015603,0.032705,-0.020845,0.032788,0.048873
1.988018,0.740587,-0.821977,-0.014710,0.175808,0.141281,-0.042570,-1.067984,-0.017435,-1.057049,0.220483,-0.455264,-0.134129,-2.258627,-0.253315,0.233225,0.349258,0.202335,0.071101,-0.175784,0.192964,0.082377,-0.007767,0.051362,0.090230,0.180395,-0.015308,-0.080152,0.000787,-0.000422,-0.005887,0.013641,0.031997,0.079246,-0.012582,0.058506,-0.006342,0.032997,0.016905
-1.610176,-0.999756,-0.744455,0.956080,0.918113,0.080222,-0.517126,-1.261629,-0.164286,-0.792379,-0.213164,-0.621369,0.163645,-2.015783,-0.317302,0.117976,0.354457,0.161672,0.075724,-0.163605,0.406502,0.119705,0.127427,-0.028573,0.116706,0.128850,0.142352,0.032394,-0.010722,-0.070883,-0.019116,0.022007,0.047747,0.057953,0.005189,0.059455,0.008883,0.030203,-0.015699
-3.039043,-1.264444,-1.091798,1.196058,1.184982,0.648112,0.021471,0.053005,0.093380,-0.624214,0.301328,0.155741,0.384943,-1.460036,-0.107369,0.123560,0.094083,0.202194,0.110278,0.007768,0.375211,0.186480,0.189515,-0.020890,0.142756,0.077738,0.154340,0.103182,0.009520,-0.097053,-0.053454,0.014250,0.047972,-0.014942,-0.007996,0.036961,0.006606,-0.014416,-0.029814
-5.025776,-0.678898,-0.674738,1.254690,1.233260,0.548494,-0.408104,0.881225,0.733493,-0.277263,-0.189951,0.105943,0.378979,-1.305856,0.214637,0.187021,-0.123683,0.009862,0.135226,0.027303,0.296052,0.149387,0.243943,0.082538,0.122464,0.017689,0.142908,0.070834,0.009783,-0.089498,-0.056731,0.014720,0.050769,-0.072891,-0.044038,0.000641,0.027789,-0.022748,-0.019632
-6.088337,-0.170668,-0.059756,0.444165,1.365634,0.645762,-0.036342,0.352815,0.765654,-0.064187,0.060932,0.138073,0.272510,-1.208093,0.251985,0.262059,-0.149557,-0.134451,0.112498,0.072310,0.116870,0.004345,0.202389,0.032935,-0.026100,0.000030,0.134375,-0.002049,-0.016524,-0.022039,-0.045600,0.003856,0.027260,-0.064560,-0.060226,-0.028663,0.008295,-0.021720,-0.009415
-8.841816,-0.150764,-0.040318,0.488430,0.892973,0.986335,-0.297247,0.552966,0.484268,0.540878,0.448611,0.209173,0.333844,-0.821991,0.031680,0.114059,-0.204944,-0.107270,0.149288,0.168649,-0.030264,-0.122737,0.117009,0.140512,0.025196,0.008123,0.490792,-0.046602,-0.040378,0.008036,-0.022611,-0.047895,0.011171,-0.065798,-0.047957,-0.061801,-0.030547,-0.014801,-0.014342
-9.235554,0.116355,0.311401,0.563096,0.458225,1.182609,0.457063,0.987090,0.235740,0.302962,0.192935,-0.064588,0.403763,-0.446203,-0.033855,0.028071,-0.040569,-0.093027,0.096438,0.125306,0.034918,-0.132375,0.029222,-0.000078,0.023160,-0.000436,0.882379,-0.026030,-0.051322,0.008069,-0.023908,-0.109916,-0.042194,-0.069075,-0.014229,-0.061047,-0.042588,-0.003855,-0.029042
-8.982689,-0.646238,-0.126579,-0.190114,0.971269,1.278757,0.478470,0.353150,0.168982,0.306209,0.672116,0.380528,0.363562,2.242090,0.005444,-0.006865,-0.127896,-0.192219,-0.251687,0.068352,-0.175710,-0.145155,-0.141770,-0.142470,-0.018503,-0.101990,0.659275,0.005711,-0.034331,0.036733,0.004312,-0.100031,-0.072893,-0.032917,0.032299,-0.042628,-0.046760,-0.011915,-0.019432
-9.043163,-0.183662,0.143862,0.493936,0.705746,1.145902,0.420124,0.676327,0.029574,0.234944,-0.060020,0.212076,0.250800,4.125656,0.067284,-0.070436,-0.137555,-0.283073,-0.547111,-0.210232,-0.347723,-0.094386,-0.134868,-0.157396,-0.038495,-0.175071,-0.209983,0.010750,-0.003899,0.030345,0.052041,0.012399,-0.040900,0.017235,0.055757,0.013063,0.021193,-0.003315,0.015597
