# 语音指令: add
# 采集时间: 13-Apr-2025 20:15:33
# 帧数: 58
# 特征维度: 39
# 格式: 每行一帧，每帧39个特征值，用逗号分隔
1.465298,0.446346,-1.322059,-0.176534,-0.026716,-0.249320,-0.095581,0.343844,0.259599,0.363010,-0.105615,-0.606161,-0.172827,0.154537,0.046071,0.091365,0.154012,0.213917,-0.056610,0.013942,0.071061,-0.006397,0.022202,-0.007731,-0.004453,-0.077509,-0.030714,-0.019848,0.048783,-0.014562,0.004850,0.029839,0.032599,-0.004395,0.009000,-0.025330,0.001086,0.043560,0.031736
1.764641,0.906275,-0.729931,0.485682,0.247020,0.082657,0.308104,0.620494,0.378658,0.670327,-0.014548,-0.378453,-0.255538,0.182999,0.037510,0.166821,0.097902,0.107691,0.076416,0.107789,0.058710,0.058105,-0.004061,-0.017265,0.047771,0.027410,-0.020945,-0.032290,-0.038470,-0.059528,-0.026482,0.015686,0.012125,-0.013192,0.014637,-0.021945,0.007842,0.022943,0.038226
2.083309,0.860087,-0.856715,-0.066907,0.368719,0.533456,0.608991,0.372329,0.381976,0.655574,0.254136,-0.156162,-0.395070,0.031803,-0.179279,-0.038209,-0.122401,-0.042791,0.097186,0.075517,0.040909,0.019268,-0.073824,0.011585,0.125833,0.147587,-0.053608,-0.035096,-0.049606,-0.031748,-0.030533,-0.005870,-0.021656,-0.019386,-0.001343,-0.028463,0.000999,-0.002207,0.012504
2.564816,0.668662,-0.615208,-0.039797,0.204121,0.491165,0.621637,0.683583,0.450367,0.253525,-0.242645,-0.015448,0.474042,-0.085141,-0.211809,-0.144577,-0.129606,-0.001956,-0.057678,-0.035676,-0.031210,0.037584,-0.088095,0.044367,0.050925,0.102380,-0.025801,0.007805,-0.036299,0.001904,-0.005329,-0.011517,-0.023990,-0.022364,-0.009152,-0.014699,-0.001115,-0.022559,-0.033076
1.084557,-0.643344,-1.597259,-0.755838,-0.299501,0.187365,0.242892,0.586886,0.328049,0.095389,0.107203,0.063267,0.438708,-0.036830,-0.103744,-0.099968,0.030814,0.022114,-0.046083,-0.082194,-0.043397,-0.018915,-0.155578,-0.029637,-0.011072,-0.025821,0.043372,0.072585,0.024530,0.039434,0.015591,0.009096,-0.002817,-0.017984,-0.008175,0.016846,-0.010396,-0.032360,-0.050232
1.503738,0.232625,-1.286622,-0.059929,0.559128,-0.135787,0.245102,0.307005,0.632035,0.379258,0.376234,-0.136624,0.002517,0.100431,0.047026,-0.049530,0.036735,0.017644,0.049181,0.001270,-0.080885,-0.004151,-0.079755,-0.003600,-0.041454,-0.138558,0.041310,0.074026,0.039754,0.010987,-0.004111,0.029909,0.026805,0.004700,-0.006767,0.037913,-0.015213,-0.010226,-0.017721
2.175644,0.373175,-1.150575,0.122554,0.329683,0.532743,0.241090,0.273161,0.140891,-0.428342,-0.231350,-0.157350,-0.339041,0.340932,0.224437,0.123259,0.091343,0.046718,0.099484,0.030463,-0.083152,-0.033885,0.042021,-0.040983,-0.059161,-0.113287,-0.029420,0.035019,0.006824,-0.034471,-0.011667,0.004023,0.025782,0.017565,0.012626,0.055111,0.010749,0.006389,0.025369
2.496136,0.460601,-1.131864,-0.260125,-0.001806,0.639383,0.622797,0.303070,0.492126,-0.000173,-0.075837,-0.169458,-0.068396,0.112422,0.168047,0.066977,-0.076307,-0.062718,0.081364,0.103580,0.009900,-0.018391,0.091122,-0.062646,0.009788,0.008600,-0.113300,-0.021818,-0.017945,-0.039411,-0.017874,-0.037281,-0.003451,0.023401,0.011839,0.026369,0.008067,0.018533,0.040940
2.668568,0.725611,-0.816028,-0.072823,0.283460,0.456040,0.248918,0.036364,0.147959,0.581380,0.081552,-0.302684,-0.288670,-0.186851,0.087136,-0.082025,-0.170033,-0.042834,-0.044497,0.054562,0.028930,0.070193,0.165991,0.081917,0.022741,0.086264,-0.126204,-0.061497,-0.036881,-0.021097,-0.009934,-0.029594,-0.019427,0.019677,0.011342,-0.016925,0.004312,0.010320,0.023336
1.814083,1.163417,-0.970493,-0.496988,0.155162,0.438027,0.923509,0.493260,0.481748,0.498014,-0.176322,0.013337,0.027078,-0.408808,-0.059208,-0.056460,-0.126997,-0.089262,-0.170929,-0.042113,0.024565,0.019897,0.049700,-0.003134,0.068106,0.064109,-0.019251,-0.072538,-0.007024,0.022793,0.007384,-0.014484,-0.033937,-0.005232,-0.027288,-0.055269,-0.007865,-0.005006,-0.002449
1.078323,0.589370,-1.741211,-0.918603,-0.043324,0.329807,0.446272,0.372791,0.589885,0.445306,0.386541,-0.085102,0.180723,-0.268363,-0.134416,-0.066617,-0.040379,-0.032145,-0.008816,-0.047845,0.043074,0.019332,-0.070532,-0.036986,0.000594,0.029374,0.067891,-0.032188,0.032958,0.037579,0.011315,0.012744,-0.014388,-0.018667,-0.054832,-0.049409,-0.014554,-0.001964,-0.009964
0.373196,0.120694,-1.008789,-0.709914,-0.442453,-0.443996,0.235154,0.300478,0.379666,0.415331,-0.227693,0.187834,0.116713,0.085420,-0.276464,0.031603,0.030971,-0.030312,-0.057599,-0.105198,-0.050431,-0.210327,-0.211464,-0.060766,-0.005170,0.014068,0.127017,0.000881,0.031947,0.027277,0.030973,0.030918,0.005652,-0.015717,-0.032033,-0.000034,0.024139,0.003690,-0.002360
1.407253,0.337560,-1.204108,-0.261589,0.359007,0.831311,0.265920,0.421774,0.303735,0.168642,-0.117803,-0.373935,-0.145252,0.151843,-0.056899,0.146140,0.033984,-0.005074,-0.018074,-0.027256,-0.087593,-0.238640,-0.080323,0.002996,0.056158,0.031945,0.183544,-0.059172,0.030169,0.020499,0.028749,0.014106,-0.000088,-0.006972,0.003983,0.031390,0.031559,0.014181,0.016411
2.026413,-0.567075,-0.991471,-0.645058,-0.257043,-0.203682,0.304154,0.134422,-0.801504,-0.757282,-0.307724,0.135329,0.276263,0.410338,-0.102609,0.101774,0.041563,0.111875,0.053089,-0.015466,-0.041996,-0.104074,0.048015,0.159331,0.079510,0.040520,0.167315,-0.145276,0.004088,0.028037,0.037210,0.034705,-0.002516,0.016778,0.066289,0.054715,0.019006,-0.003804,0.007611
1.071327,0.540621,-0.738719,-0.750502,-0.178815,0.082188,0.221858,-0.126279,-0.434609,0.512260,0.468064,0.327579,0.306323,1.022382,-0.676381,0.149579,0.109225,0.094753,0.029141,-0.098820,-0.027457,-0.016630,0.028826,0.091074,0.076124,0.134621,0.048771,-0.120132,0.008134,0.035147,0.014238,-0.001826,-0.011701,0.006101,0.045972,0.002906,-0.024519,-0.032952,-0.011852
3.084072,-0.678204,-0.526105,-0.214407,0.563332,0.277529,0.145867,0.296390,0.030865,0.579757,0.563115,0.379186,0.153469,0.981632,-1.067547,0.085560,0.204791,0.181225,0.166588,-0.093739,0.031317,0.163130,0.137996,0.039152,-0.032171,0.015205,-0.144156,0.098148,0.029023,-0.003910,-0.045326,-0.058991,-0.003065,-0.013959,-0.001816,-0.021174,-0.049477,-0.054316,-0.030174
7.501633,-4.129389,-0.402713,0.225215,0.571548,0.778012,-0.321946,0.159603,-0.247462,-0.291570,0.075474,0.023672,0.806028,0.308603,-0.486672,0.240261,0.217131,0.049413,-0.101013,-0.081332,-0.092516,-0.040157,-0.109847,-0.119393,-0.123631,-0.048892,-0.308041,0.364816,0.024404,-0.052352,-0.079638,-0.100322,0.016310,-0.010785,-0.034440,-0.012376,-0.027861,-0.047203,-0.047994
5.162800,-5.362354,-0.552186,0.206326,0.566982,0.552026,-0.057082,0.202122,0.168309,0.580744,0.171120,0.084851,0.120185,-0.237321,0.527392,0.299117,-0.040556,-0.223030,-0.336756,-0.052650,-0.128179,-0.118640,-0.047779,-0.105099,-0.216469,-0.098634,-0.217041,0.401095,0.013026,-0.069136,-0.078240,-0.092169,0.019274,0.006863,-0.045358,-0.011863,-0.006426,-0.020654,-0.010655
1.896641,-0.375091,0.912948,0.460635,0.139818,-0.735445,-0.227090,-0.694057,-0.795193,-0.204410,-0.110356,-0.337420,-0.010571,-0.601827,1.251018,0.250846,-0.159582,-0.318028,-0.484093,-0.002493,-0.042618,-0.146752,0.022567,-0.044342,-0.174236,-0.173021,-0.081221,0.138323,-0.035168,-0.036768,-0.014922,0.008480,0.023080,0.040955,0.017355,0.022211,0.013031,0.021090,0.017384
4.111755,0.947288,0.847064,-0.628522,-0.716628,-1.217752,-0.260769,-0.129450,-0.510350,0.233790,-0.023097,-0.871357,-0.103379,-0.114341,1.060568,0.202976,-0.124211,-0.239485,-0.345634,0.005942,0.043818,-0.136467,-0.023513,-0.045153,-0.150257,-0.007249,-0.130969,-0.098136,-0.050440,0.030019,0.068175,0.090012,0.009708,0.024871,0.047173,-0.006852,0.009370,0.059627,0.024756
3.822300,1.042603,0.606853,-0.447277,-0.915790,-1.571356,-0.244935,0.043131,-0.910624,0.048491,-0.101494,-0.647756,-0.243250,-0.285421,0.272908,0.049582,-0.015640,-0.071904,-0.045465,0.057017,0.114625,0.086211,0.038278,-0.050218,0.012950,0.031189,-0.196419,-0.181462,-0.035606,0.050272,0.092096,0.116443,-0.013033,-0.006094,0.055462,-0.032593,0.010483,0.065700,0.017399
3.245026,0.985946,0.990922,-0.193824,-0.510741,-1.341213,-0.016757,0.127507,-0.707904,0.313678,-0.112796,-0.749658,0.180608,-1.301169,0.269173,0.046458,0.113775,0.147596,0.106528,-0.015047,-0.034287,0.105970,-0.113354,-0.030473,0.148653,-0.019676,-0.208750,-0.112842,-0.025537,0.034535,0.055665,0.069079,-0.031211,-0.021788,0.034701,-0.044600,0.013096,0.053780,-0.017560
0.234524,1.411663,1.208453,0.112987,-0.451444,-0.983780,0.022810,-0.056509,-0.145822,0.026969,-0.378758,-0.299898,0.047773,-1.404934,0.274500,0.087070,0.099627,0.161526,0.150657,-0.095196,-0.063292,0.135288,-0.183289,0.028354,0.180575,-0.040921,0.000275,-0.025495,-0.010330,0.010661,0.011282,0.009133,-0.029913,-0.002346,-0.013210,-0.027983,0.016198,0.012242,-0.012263
-2.961491,2.543941,0.892871,-0.176189,0.026211,-0.808322,-0.503168,-0.306352,-0.210432,-0.495007,-0.066085,-0.042225,-0.387653,-1.043589,0.202207,0.017717,0.078330,0.043658,0.061906,-0.157485,-0.044652,0.086547,-0.253558,0.015198,0.180795,-0.107501,0.238255,-0.045937,-0.007139,-0.005969,-0.023642,-0.020825,0.008313,0.030023,-0.022815,0.021599,0.007107,-0.024702,0.008828
-2.633339,2.080296,1.273233,0.182054,-0.116388,-0.840389,-0.644579,-0.160026,-0.281584,-0.752961,0.085714,0.214399,-0.239515,-0.335528,0.103929,0.011490,0.083203,0.047054,0.032852,-0.101564,0.088195,-0.015863,-0.107823,0.049847,0.100207,-0.021475,0.228758,-0.042426,-0.014055,-0.011642,-0.012611,-0.019603,0.033776,0.022196,-0.029775,0.050611,0.004038,-0.041695,0.013554
-2.470974,1.986367,1.113531,0.267807,-0.396175,-1.007166,-0.741172,-0.116556,-0.087189,-0.970607,-0.222175,0.210533,-0.400012,0.027665,-0.001320,0.055718,0.078380,0.009893,-0.003255,0.045030,0.101122,-0.002277,0.004574,0.013497,0.015082,0.032205,0.107593,-0.019793,-0.004392,-0.021994,0.005827,-0.000569,0.034330,-0.003337,-0.013991,0.061146,0.000565,-0.046342,0.020626
-2.440262,2.370005,1.211609,0.419639,0.064483,-0.672309,-0.543491,0.438420,-0.337345,-0.437913,0.053134,0.253812,-0.096804,-0.148257,0.046820,-0.012327,0.013445,0.066199,0.023720,0.051417,0.016270,-0.056320,0.060897,0.060907,-0.037767,-0.013727,-0.033837,-0.007059,-0.001926,-0.029408,-0.010043,0.009111,0.008923,-0.037234,0.007881,0.032171,-0.015396,-0.035926,0.007762
-3.066269,2.376979,1.332022,0.201520,-0.007234,-0.921026,-0.261724,0.070427,-0.221880,-0.605900,0.061719,0.050653,-0.251901,-0.253657,0.071063,0.021700,-0.050589,0.060162,0.049714,0.018048,-0.047733,-0.010867,0.114351,0.015323,-0.086271,0.038711,-0.096019,-0.019977,0.000065,-0.011789,-0.008806,0.015087,-0.014932,-0.032002,0.009877,0.008490,-0.015808,-0.007404,0.003651
-3.516743,2.183817,1.118692,0.278795,0.121507,-0.732292,-0.549733,-0.143189,-0.613855,-0.513199,0.371346,0.054598,-0.412675,-0.372023,0.003544,0.039066,-0.071716,-0.071028,0.062208,-0.026603,-0.130648,0.034830,0.072247,-0.065124,-0.107051,0.028877,-0.098292,-0.057699,-0.006129,0.012861,0.010342,0.010279,0.007985,0.005181,0.024932,-0.001061,-0.017575,0.013200,0.003781
-3.816456,2.539908,1.341541,-0.025065,-0.032569,-0.652716,-0.625941,-0.142116,-0.045531,-0.154489,-0.257596,-0.252958,0.008404,-0.503969,-0.140760,0.055523,0.033700,-0.005164,0.078162,-0.033399,-0.079451,0.013517,0.056249,-0.040631,0.005709,0.033680,-0.120106,-0.102985,-0.044812,0.021265,0.044686,0.016979,0.050201,0.032726,0.014280,-0.004397,0.017691,0.040381,-0.001454
-4.737991,2.298858,1.504178,0.028794,-0.405327,-0.398709,-0.546943,-0.324440,-0.217468,-0.165839,-0.199836,-0.296018,-0.042031,-0.683667,-0.291261,-0.050196,0.068915,0.158802,0.074095,0.131576,0.056965,0.105768,0.075664,-0.041517,0.026754,0.012539,-0.107736,-0.103779,-0.073324,0.000395,0.062929,0.023978,0.064649,0.045137,0.017808,0.015189,0.037109,0.041229,0.009248
-6.008110,1.367748,1.546321,0.525156,0.212798,-0.573705,-0.493987,-0.366766,-0.354107,-0.388450,0.097970,0.276064,-0.220283,-0.922009,-0.565175,-0.244747,0.039740,0.262766,0.158618,0.310015,0.089887,0.048059,0.073340,0.137614,0.161199,0.031369,-0.020924,-0.042721,-0.067069,-0.018151,0.016546,0.022967,0.041128,0.020183,0.010503,0.015549,0.023847,0.014630,0.014318
-7.171368,0.814849,0.718546,0.437087,1.048545,-0.284797,0.253256,0.350760,0.221404,0.124344,-0.061679,-0.019514,-0.222328,-0.894404,-0.573839,-0.335718,-0.070615,0.249351,0.189320,0.281106,0.109188,0.138410,0.171288,0.125488,0.135935,0.094785,0.111562,0.006248,-0.011984,-0.002935,-0.045831,0.006905,-0.030380,-0.016761,-0.005930,-0.004864,0.007035,-0.000564,0.018724
-8.939167,-0.499228,0.139596,0.009690,0.983309,0.340812,1.032514,0.121386,0.031276,0.205490,0.612289,0.695488,0.300090,-0.478910,-0.331128,-0.279720,-0.031508,0.056027,0.180311,0.194843,0.031791,0.063259,0.118729,0.056133,0.072359,0.095336,0.414448,0.024192,0.004187,0.031907,-0.075896,-0.018062,-0.092811,-0.012351,-0.021466,-0.026510,-0.024638,-0.028009,0.005371
-9.427826,-0.606556,0.006306,-0.210275,0.862800,0.399197,0.555637,0.161263,0.488426,0.695247,0.401129,0.412545,0.322089,0.008120,-0.372673,-0.097573,0.083688,-0.099187,0.102545,-0.044142,-0.053712,0.040988,0.010159,0.053403,0.078458,0.116382,0.689450,-0.050995,-0.024704,0.052836,-0.059307,-0.021872,-0.084264,0.006734,-0.042480,-0.047021,-0.016073,-0.033672,-0.011557
-8.265285,-0.142379,0.074526,0.612750,0.670222,0.279408,0.645567,-0.058216,-0.090041,0.133761,0.262319,0.554469,0.135492,1.811708,-0.495571,-0.307405,0.203053,-0.149808,0.054049,-0.228892,0.064683,-0.076934,-0.051247,-0.009714,-0.008620,0.056247,0.653034,-0.122781,-0.051242,0.014055,-0.017396,-0.016362,-0.055165,0.026081,-0.024157,-0.024052,-0.011234,-0.027843,-0.011625
-7.646847,-1.861371,0.137479,0.667445,0.534883,0.422575,0.144243,0.084338,0.531169,0.244069,0.490862,0.586092,0.628263,3.207787,-0.885330,-0.482142,0.209538,-0.110160,0.075915,-0.144461,0.129226,-0.122799,-0.102708,0.039277,-0.064604,0.023043,0.258544,-0.075104,-0.004127,-0.029457,0.012728,-0.018028,0.003199,0.015347,-0.018257,-0.000732,-0.029700,-0.027007,-0.011005
2.055721,-3.188931,-1.938472,0.898484,0.139586,0.682482,-0.295948,0.592928,-0.527136,0.105569,0.524194,0.563291,0.514392,2.895632,-1.006907,-0.446739,0.012141,-0.086586,0.058420,-0.174185,0.121906,-0.048735,-0.011552,-0.019642,-0.053423,0.050210,-0.500091,0.100154,0.158738,-0.056663,0.029370,-0.028379,0.036335,-0.035219,0.014880,0.002502,-0.037791,-0.007350,-0.010178
6.604244,-4.998790,-2.164589,1.017741,0.384759,0.696796,0.055110,0.699056,-0.135831,0.040761,0.553570,-0.010518,0.278666,1.481857,-0.691540,-0.033844,-0.040624,-0.052963,-0.047342,-0.052952,0.018759,-0.122744,-0.021506,-0.162969,-0.090177,0.032254,-0.876533,0.325020,0.273750,-0.053238,-0.003074,-0.047710,0.019722,-0.064664,0.029459,0.002682,-0.037691,0.015199,-0.029661
3.720711,-5.299689,-1.715813,0.492507,0.159086,0.524797,-0.479307,0.448991,-0.105590,0.174537,0.121555,0.508661,0.637435,-0.999390,0.147441,0.683993,-0.095678,0.024239,-0.109656,-0.007585,-0.158245,0.021929,-0.079412,-0.190611,-0.039444,-0.029298,-0.649290,0.403913,0.249848,-0.037408,-0.044602,-0.054762,0.010553,-0.065896,0.027054,-0.012771,-0.008335,0.022127,-0.056933
1.207031,-5.429563,-0.162593,0.573576,0.163087,0.178835,-0.125299,0.283223,-0.522045,0.082349,-0.372741,0.024264,0.774176,-1.342077,0.963892,1.030631,-0.134677,-0.206250,-0.210361,-0.085294,-0.229697,0.050102,-0.054988,-0.156511,0.053914,-0.164265,-0.137752,0.290909,0.082510,-0.043438,-0.068130,-0.033572,-0.023116,-0.040171,0.031195,-0.001281,0.025305,0.025077,-0.047521
-2.100945,-2.003911,1.657367,0.456680,0.403058,0.203453,-0.264522,-0.252265,-0.211983,-0.428505,-0.261853,0.294977,0.063727,-0.485454,1.183478,0.919894,-0.220233,-0.362081,-0.283277,-0.084316,-0.262108,0.055041,-0.096919,-0.083965,0.051998,-0.283135,0.333698,0.025918,-0.123490,-0.028009,-0.054513,0.008739,-0.020403,0.007101,0.008544,0.020739,0.029449,0.002866,0.002051
0.375221,-0.234042,3.056583,0.111776,-1.121191,-0.551906,-0.629119,-0.479770,0.227231,-0.008170,-0.276596,0.467790,-0.537174,0.268368,0.961011,0.492039,-0.302969,-0.388405,-0.224815,-0.193409,-0.244612,0.081958,-0.028684,-0.025090,0.063691,-0.201844,0.314406,-0.178905,-0.227334,0.002713,0.015763,0.067736,0.009565,0.045050,-0.002269,0.018881,0.017851,-0.030546,0.053668
0.707581,-0.020905,2.844112,-0.770850,-1.621608,-1.005311,-0.797715,-0.915040,-0.137436,-0.410193,-0.464752,0.645592,-0.602049,0.774747,0.332017,0.052124,-0.220437,-0.311157,-0.049383,-0.112004,-0.111546,0.057375,0.056654,-0.034036,-0.011326,0.000268,0.133908,-0.209697,-0.218387,0.046031,0.062534,0.101821,0.041950,0.075097,-0.000089,0.020405,0.002452,-0.042500,0.068627
1.399216,-0.027634,2.561183,-0.858485,-1.422909,-0.722513,-1.156303,-1.014281,-0.037076,-0.101900,-0.417024,0.285601,-0.246153,0.462488,0.036581,-0.215474,-0.113069,-0.131120,0.168216,-0.005168,0.018875,0.019211,0.003506,-0.046180,-0.132007,0.091940,-0.003433,-0.136817,-0.154418,0.062964,0.075888,0.087716,0.080662,0.067296,-0.012064,0.003713,-0.005428,-0.029118,0.042549
2.359364,0.093028,2.289446,-0.553804,-1.529420,-0.047428,-0.755836,-0.726794,0.278523,0.012190,-0.397010,0.322608,-0.087587,0.498417,0.061711,-0.339241,0.031210,-0.039345,0.271373,0.130739,0.155360,0.073043,0.033697,-0.053613,-0.157388,0.080066,-0.069135,-0.036893,-0.095670,0.042781,0.078397,0.042425,0.067842,0.025293,-0.027731,-0.011183,0.004558,-0.001656,0.009652
2.439907,-0.060445,1.934311,-0.776577,-2.050379,0.083629,-0.692720,-0.446204,0.123176,-0.179855,-0.596798,-0.238727,-0.189059,0.457408,0.058786,-0.445404,0.044598,0.027221,0.260183,0.284731,0.112634,-0.029061,0.004314,-0.054598,-0.070150,0.072769,-0.076017,-0.009205,-0.046991,0.020148,0.078108,0.000180,0.036269,-0.033623,-0.028227,-0.009382,0.022281,0.026123,-0.006916
3.317345,0.393600,0.932827,-0.629769,-1.579135,0.393804,-0.166121,-0.161487,0.245248,-0.130432,-0.710750,-0.129460,-0.104417,0.335392,0.032968,-0.525421,0.022747,0.180023,0.210330,0.246412,0.017249,-0.139182,-0.033949,0.005775,-0.043158,0.077636,-0.159693,-0.016879,-0.008073,0.020024,0.068965,-0.035172,-0.007744,-0.067475,-0.011222,-0.015889,0.045711,0.017893,-0.017393
3.776939,0.200681,0.307018,-0.549214,-1.225535,0.784460,0.438834,-0.544184,-0.238323,0.014306,-0.602608,0.056007,0.239800,0.050492,-0.029336,-0.449806,0.043431,0.327378,0.187593,0.203558,-0.178263,-0.099088,-0.039361,0.092649,0.018312,0.036676,-0.221276,-0.008771,0.035505,0.038797,0.047975,-0.054059,-0.050407,-0.038726,0.026848,-0.011188,0.045764,0.009591,-0.028702
3.734123,0.168944,-0.362828,-0.541875,-0.750649,0.997389,0.312926,-0.560949,-0.492756,-0.295084,-0.334072,-0.100439,0.207964,-0.419204,-0.032068,-0.372579,0.183135,0.310186,0.031382,0.107795,-0.219275,0.011186,-0.069958,0.217010,-0.055911,-0.036939,-0.215523,-0.002663,0.064800,0.048956,0.017888,-0.062838,-0.056487,0.022646,0.044768,-0.003511,0.021093,0.016083,-0.032891
2.375462,-0.156999,-0.379680,-0.557019,-0.291063,1.025486,0.416599,-1.433038,-0.192556,-0.343800,-0.145946,-0.119116,-0.108337,-0.748243,0.014272,-0.230527,0.256542,0.304324,-0.068277,-0.029468,-0.073572,0.084405,-0.067921,0.184428,0.019669,-0.089812,-0.150691,0.000235,0.059152,0.044913,0.005797,-0.063791,-0.056961,0.082026,0.021789,0.002617,-0.016476,0.010812,-0.012963
1.030720,0.345347,-1.170795,0.569003,0.012573,0.475540,0.555417,-1.177036,0.272792,-0.401629,0.529186,-0.402600,-0.184197,-0.805043,-0.020063,-0.124048,0.284525,0.308084,-0.145512,-0.066179,0.120727,0.092121,-0.052327,0.119498,0.088300,-0.110411,-0.073378,-0.010184,0.058096,-0.000837,0.009620,-0.024082,-0.036675,0.096466,0.003380,0.015185,-0.058913,-0.003528,0.012297
-0.052319,0.194319,-0.788956,0.579594,0.412719,0.583235,0.112925,-0.724760,-0.082543,-0.369091,0.216817,0.350254,-0.170453,-0.810147,-0.044830,-0.105422,0.330742,0.354282,-0.214883,-0.142112,0.252908,0.011158,-0.034879,0.019248,0.038811,-0.028419,-0.058865,-0.005523,0.060322,-0.040160,-0.007325,0.008818,-0.002366,0.052713,-0.002501,0.022425,-0.049720,-0.033232,0.030449
-0.611614,-0.153778,-0.948288,0.760619,0.942394,0.241471,0.015363,-0.108385,0.042233,-0.615150,0.302736,0.265580,-0.504640,-0.861961,-0.090152,0.025603,0.140922,0.339727,-0.088426,-0.116395,0.326959,0.060453,0.021081,-0.140834,-0.080431,0.019984,-0.088378,0.018247,0.068835,-0.079601,-0.044280,0.033322,0.023325,-0.001309,-0.003488,0.034794,-0.019595,-0.029244,0.027869
-2.397022,-0.219610,-1.156861,1.526088,1.596945,-0.296995,-0.268999,-0.279453,-0.027038,-0.453432,0.117132,-0.182426,-0.145166,-1.084646,-0.003358,0.172075,0.028301,0.215939,-0.043175,-0.027559,0.204643,0.068772,0.057234,-0.056888,-0.133696,0.068750,0.094255,0.031629,0.081915,-0.129469,-0.127071,0.041361,0.043693,-0.041627,-0.008924,0.037754,0.014958,0.013242,0.007046
-3.736012,-0.062005,-0.779270,1.009202,1.676348,0.319186,-0.037795,0.781894,0.623912,-0.202783,-0.338330,-0.660423,-0.071205,-1.254007,0.084799,0.278479,-0.160100,0.027529,0.006054,0.046028,0.121025,0.024444,0.156241,0.012017,-0.033267,0.045418,0.459885,0.020480,0.033169,-0.105611,-0.184430,0.001087,0.027403,-0.088629,-0.040008,0.017182,0.035653,0.054002,-0.004432
-5.913765,0.112739,0.310588,0.617940,1.476377,0.249577,-0.052433,0.196247,0.060949,-0.177576,0.179628,-0.066010,0.063575,0.169412,0.093658,0.407516,-0.488602,-0.460281,0.035593,0.098921,0.029655,-0.050476,0.174369,0.056420,0.126058,0.007104,0.602880,-0.006323,-0.053561,-0.031292,-0.128732,-0.003863,0.004281,-0.086481,-0.036910,-0.020323,0.018325,0.054384,-0.018017
-7.405964,0.232069,0.211400,0.121325,1.177242,0.001580,0.205725,0.462457,0.137055,0.304665,0.373134,-0.002365,-0.313816,2.036769,0.003687,0.181660,-0.391547,-0.723017,-0.132147,0.020435,-0.264284,-0.192694,0.085051,0.071324,0.206222,0.012964,0.313158,-0.032802,-0.134145,0.109247,0.056918,-0.004276,-0.024244,-0.034469,0.003355,-0.065038,-0.012208,-0.010194,-0.011989
