# 语音指令: add
# 采集时间: 13-Apr-2025 20:06:30
# 帧数: 61
# 特征维度: 39
# 格式: 每行一帧，每帧39个特征值，用逗号分隔
-1.558876,-1.042984,-0.673103,0.031867,0.244249,0.242402,-0.172840,0.571590,-0.000646,0.577806,0.386052,0.447736,0.575163,-0.300082,0.042908,-0.223237,-0.016582,-0.019163,0.063534,0.270183,0.194233,0.023393,0.149917,0.219639,0.207823,0.347869,0.091767,0.060547,0.003316,0.005323,-0.004328,0.027369,0.047889,-0.025924,-0.016264,-0.020759,-0.011608,-0.029981,-0.001557
-1.445194,-0.285483,-0.669242,0.021548,0.191962,-0.132738,0.563244,0.513734,0.140445,0.508762,0.519647,0.210868,0.584926,0.230563,0.177719,-0.073300,-0.014878,-0.038711,0.173352,0.162555,-0.021797,-0.043740,-0.001215,0.042141,-0.053598,0.091480,0.110323,-0.017268,0.028321,0.013400,0.008383,0.002545,-0.026821,-0.047069,-0.016199,-0.030834,-0.042870,-0.039059,-0.066996
-0.398129,0.302583,-0.385541,-0.055570,-0.179501,0.282222,0.625704,0.381487,0.004351,0.246505,0.478164,0.596818,0.867378,0.336660,0.132178,0.039431,0.018583,-0.005539,0.012941,0.095158,-0.093625,-0.038913,-0.082230,-0.068579,-0.090695,-0.058260,0.045127,-0.048412,0.022344,0.013257,0.023816,-0.027856,-0.060778,-0.042506,-0.007839,-0.023456,-0.050783,-0.030233,-0.070487
0.197334,0.058270,-0.408229,-0.003219,0.033457,0.678384,0.259006,-0.003047,-0.181540,0.162187,0.129537,-0.277521,0.220146,0.278553,-0.125520,-0.009726,0.034651,0.015797,0.034104,-0.035347,-0.078833,-0.042310,-0.028392,-0.052175,-0.030301,-0.106369,-0.051204,-0.057848,-0.002604,0.011206,0.022784,-0.042422,-0.042185,-0.006962,0.011635,0.006347,-0.013994,0.016138,-0.013910
-0.376648,-0.300050,-0.492814,0.189091,0.247286,-0.068743,0.627096,0.187631,-0.105882,0.205220,0.135629,0.106313,0.369704,0.121597,-0.165452,-0.085188,0.049876,0.097189,-0.078134,-0.086950,-0.118840,-0.038758,-0.021349,-0.116758,-0.032145,-0.094973,-0.048763,-0.011936,-0.008493,0.005903,0.006175,-0.010573,-0.023067,0.002709,0.017120,0.013270,-0.001073,0.004578,0.008387
0.160179,-0.787339,-0.632522,0.151179,0.044594,0.278249,0.340336,0.066930,-0.093310,0.342453,0.354801,0.273128,0.125189,0.061290,-0.104220,-0.028266,0.045316,0.045791,-0.101644,-0.063028,-0.084202,0.040796,0.007010,-0.041402,0.036588,-0.007598,-0.034514,0.056720,0.013662,-0.000825,0.000221,0.010836,0.007044,0.019182,0.014979,-0.000453,0.003126,-0.012456,0.006991
0.190189,-0.343999,-0.793395,0.220693,0.423567,-0.030461,0.018802,-0.463949,-0.304958,0.016375,-0.401140,0.126212,0.282256,0.186788,0.035112,-0.012744,0.049318,-0.009231,-0.000857,-0.064257,-0.093421,0.045289,-0.009340,-0.084693,-0.091380,-0.057859,-0.032909,0.057648,0.022232,-0.023877,-0.011892,0.037311,0.015830,0.042163,0.008046,0.001841,0.016943,0.001224,0.006777
0.081612,-0.580927,-0.398454,0.304043,0.211299,-0.010242,0.156400,-0.256784,0.183165,0.305669,0.133625,-0.024537,0.213769,0.094325,0.202706,0.058770,0.020536,0.035652,0.074361,0.005884,0.029525,0.025364,-0.046731,-0.047444,-0.095679,-0.085607,-0.070997,0.031149,0.006127,-0.044194,-0.001811,0.029982,0.005656,0.030755,-0.016657,-0.010410,0.009857,0.016463,0.001889
0.666985,-0.135553,-0.646884,0.462398,0.063103,0.077934,0.304119,-0.291502,0.051001,0.163672,-0.306684,-0.335036,-0.059759,-0.034518,0.116554,0.040292,-0.125019,-0.021940,0.111322,-0.002935,0.117720,0.026655,0.010392,0.010652,0.041592,-0.018252,-0.092261,-0.003606,0.002850,-0.043275,0.006575,0.005594,0.003669,0.008155,-0.018051,0.002073,0.028872,0.033848,0.024680
0.309711,0.493440,-0.266057,0.188189,0.423217,0.727938,0.250338,0.159360,-0.109004,-0.040408,0.002997,-0.115092,-0.273966,-0.253313,0.091784,-0.006573,-0.207179,0.003552,0.064756,-0.051517,0.018091,-0.077461,-0.089869,-0.017825,0.092000,-0.026345,-0.045711,-0.025455,-0.010067,-0.014148,0.009963,-0.022226,-0.004270,-0.015727,-0.011094,0.012284,0.026312,0.014939,0.024098
-0.394890,-0.070531,-0.543061,-0.533884,0.132049,0.350740,-0.034302,0.094600,0.012018,0.261021,-0.253093,0.467784,0.404999,-0.224126,0.066634,0.043557,-0.169594,0.021117,0.043531,-0.008287,-0.049344,-0.041325,0.018844,0.114357,0.067065,0.084499,0.034104,-0.005193,-0.005933,0.026298,0.005282,-0.027352,-0.004281,-0.018937,0.008935,0.009860,0.016352,-0.011734,0.005855
-1.317108,0.032085,-0.446261,-0.558051,0.161215,0.293207,-0.004407,-0.347409,-0.320555,-0.339805,-0.000288,0.206405,-0.193694,-0.046479,0.039858,-0.016110,-0.071490,0.053833,-0.060811,-0.023714,-0.027692,-0.026501,0.032237,0.095359,0.002055,0.030637,0.091966,0.004026,0.001972,0.040370,-0.016887,-0.009705,0.003748,0.011753,0.034287,0.018832,-0.001428,-0.009843,0.011481
-0.254688,0.572975,-0.218481,-0.274155,0.295597,0.593652,0.389676,-0.385259,-0.125529,0.441323,0.469055,-0.029671,0.463984,0.225064,0.106675,0.002818,-0.003834,-0.042477,-0.033405,-0.049194,-0.024214,0.065539,0.014357,0.074019,-0.003015,-0.015941,0.069150,-0.008387,-0.004530,0.019531,-0.027185,0.000250,0.004214,0.019866,0.028878,-0.007239,-0.034574,-0.001676,-0.002796
-0.311153,0.471036,-0.487822,-0.397318,0.661042,0.209221,-0.106312,0.196492,-0.223711,0.086681,0.289370,0.166352,-0.098661,0.319059,0.105063,0.030846,0.004511,-0.126311,0.028063,-0.003206,0.070877,0.123614,0.044682,-0.011045,0.051640,0.096872,0.002592,-0.021648,0.001526,0.006632,-0.022317,0.016055,0.016152,0.003861,-0.000940,-0.015756,-0.031856,-0.005121,0.001214
0.361656,0.454788,-0.455575,-0.618853,-0.440336,0.178180,-0.297879,-0.356959,0.393714,0.145821,0.107256,0.486731,0.251762,0.218950,-0.025764,-0.011639,-0.069316,-0.127706,-0.001402,0.012813,0.027567,0.097559,-0.050604,-0.094425,0.028127,0.017301,-0.058517,-0.027846,-0.008760,0.011187,0.020050,0.003146,0.015658,0.003220,-0.034356,-0.009873,-0.006330,-0.007909,-0.014583
0.260876,0.825226,-0.074155,-0.334676,-0.352183,0.696174,0.331431,0.092774,0.237110,0.108156,0.118697,0.311487,0.558785,0.083241,-0.053173,0.004817,0.002789,-0.105942,0.041230,0.066172,-0.047423,-0.052207,-0.062385,-0.062019,-0.053497,0.010005,-0.082180,-0.027382,-0.023070,0.010583,0.051925,-0.012484,0.000052,-0.014675,-0.038501,-0.002061,0.024296,-0.004072,-0.028356
0.678055,0.257748,-0.454983,-0.746625,-0.088451,0.348972,0.269658,-0.167799,0.287648,0.095556,-0.063394,0.104293,0.251153,0.011323,-0.019942,-0.047615,0.072722,0.062702,-0.018766,0.033303,0.036286,-0.106866,-0.015094,0.049352,-0.011335,-0.094993,-0.062198,-0.007865,-0.011339,0.014661,0.065141,-0.003907,0.001090,0.004172,-0.020146,0.014826,0.035713,0.014465,-0.000662
-0.155319,0.248697,-0.408084,-0.293886,-0.260466,0.406834,0.064500,-0.232420,-0.525530,-0.301758,-0.027051,0.019943,-0.031105,-0.086252,-0.100102,-0.121937,0.004658,0.132913,-0.059256,-0.013314,-0.066346,-0.065574,0.002533,0.096609,0.039255,-0.072764,-0.027900,-0.004098,0.008903,-0.004076,0.047280,-0.000134,0.003663,0.023762,0.019969,0.020067,0.010467,0.016281,0.019649
0.404331,0.643733,-0.558121,-0.133479,-0.107472,0.205889,0.071041,0.029364,0.055788,0.252480,0.520857,0.575954,-0.086029,-0.055563,-0.058181,-0.031046,0.031502,0.206413,0.017163,0.060483,0.045521,-0.049497,0.019197,0.091430,0.088662,0.040606,0.066952,-0.047949,0.043113,-0.014720,0.023227,0.010077,0.003356,0.025903,0.025898,0.016497,-0.032607,-0.013234,0.027242
-0.418182,-0.001486,-0.787575,-0.589240,0.504128,0.380822,0.355411,-0.466298,-0.090926,0.048911,0.482346,0.356374,0.242834,0.014659,-0.061683,0.065563,-0.015376,0.141795,0.019887,0.079804,0.103375,0.066230,0.062034,-0.007236,0.017036,0.076463,0.211545,-0.112702,0.040284,-0.012304,-0.014272,-0.002406,-0.020433,0.025708,0.018350,0.008035,-0.059993,-0.027546,0.010752
0.198162,0.028593,-0.424291,-0.367980,0.866051,0.484542,0.540856,0.234430,-0.266442,0.050529,0.303157,0.546172,0.385446,0.570231,-0.395659,0.184235,-0.035868,0.197455,0.014869,0.011666,0.122895,0.018823,0.069946,-0.145957,-0.101051,0.021594,0.149730,-0.152447,0.000420,-0.005853,-0.037584,-0.015596,-0.039135,-0.018060,0.018054,-0.000177,-0.039536,-0.025364,-0.009431
-0.195415,0.178673,0.010011,-0.258188,0.158780,0.408231,0.375054,0.336034,0.070316,0.215104,0.045278,0.167422,0.243466,1.294662,-0.773522,0.074806,-0.062145,-0.004656,-0.078525,-0.142401,0.064975,0.035242,0.028488,-0.237330,-0.074056,0.004272,-0.032406,-0.053152,-0.017914,0.015474,-0.050375,-0.012369,-0.032756,-0.040609,-0.005838,-0.034404,0.001057,-0.015355,-0.021176
3.853584,-2.050448,0.319241,-0.517169,1.342282,0.299457,0.152426,0.429319,0.093848,0.638016,-0.221940,0.015772,0.058168,0.534633,-0.842503,-0.030262,0.002786,-0.037254,-0.052971,-0.122179,-0.093526,0.098752,0.025704,-0.092727,-0.057594,-0.007143,-0.203245,0.168912,-0.026305,0.017284,-0.082394,-0.022070,-0.004156,-0.030682,-0.010632,-0.048304,0.038498,-0.022232,-0.021012
6.144279,-4.085151,-0.612715,-0.907989,0.195682,-0.041990,-0.386281,-0.148754,-0.042930,-0.052588,-0.825590,0.146884,0.435505,-0.103366,-0.233794,0.040713,0.073148,-0.153676,-0.041329,-0.099194,-0.115780,-0.020163,-0.182814,-0.028606,-0.121427,-0.081100,-0.184339,0.322401,0.003641,-0.000631,-0.053649,-0.032614,0.031847,0.008874,-0.029769,-0.019435,0.054249,-0.040122,-0.023234
0.351627,-3.422558,-0.266750,-0.003550,0.559952,0.364654,0.120432,-0.164867,0.441719,0.358062,0.132130,0.191495,0.242362,-0.147870,0.604427,0.006248,0.017908,-0.381000,-0.171624,-0.041357,-0.039643,-0.035864,-0.195616,0.035734,-0.245681,-0.106426,0.103122,0.268192,0.015463,-0.035491,-0.032244,-0.054794,0.032897,0.042299,-0.045798,0.018638,0.025446,-0.030590,-0.006760
0.625553,-0.660275,0.622350,-0.006392,-0.513848,0.108253,-0.256808,-0.156924,-0.244846,-0.861350,-0.310750,-0.710936,-0.388747,0.360591,0.924132,0.086114,-0.082645,-0.270159,-0.266175,0.055792,0.081786,-0.123361,-0.015549,0.102624,-0.282502,-0.133457,0.140238,0.054915,0.011148,-0.028598,0.014105,-0.038034,0.035919,0.030190,-0.017888,0.074787,0.018771,0.013264,0.019586
5.386242,0.300252,-0.208719,-0.827625,-0.882240,-0.911678,-0.174593,0.150938,-0.051095,-0.259379,-0.229418,-1.174174,-0.238661,1.183295,0.593077,0.065268,-0.193708,-0.255855,-0.353876,0.046808,0.102137,-0.195781,0.072922,0.029824,-0.208055,-0.044776,-0.196582,-0.093636,0.042690,0.028861,0.067132,0.022139,0.008033,0.005141,0.009911,0.046844,-0.008044,0.064011,0.024384
5.790005,0.247948,-0.019715,-1.025961,-0.923572,-1.170178,0.146611,0.220405,-0.625737,0.154799,0.051059,-1.034613,-0.213143,0.390057,0.186853,0.097069,-0.043733,-0.145473,-0.237827,0.125866,0.016956,-0.077010,0.234887,0.112450,-0.042336,0.021857,-0.512895,-0.083762,0.033870,0.080726,0.069490,0.082524,-0.044531,-0.003016,0.050552,-0.026181,-0.025802,0.083270,0.023579
5.417126,0.110807,0.537322,-0.764194,-0.980173,-1.347156,0.244208,0.309202,-0.679849,0.338460,0.161772,-1.014682,-0.143394,-1.529745,0.273905,0.323202,0.206706,0.025135,-0.022130,-0.016400,0.008532,0.012649,0.021561,-0.032187,0.112744,-0.014316,-0.553204,-0.008115,0.006843,0.090240,0.071943,0.109113,-0.073176,0.009831,0.059785,-0.073218,-0.018605,0.072302,0.008071
2.969582,0.713762,0.944376,-0.308703,-1.473987,-1.251374,0.386331,-0.141200,-0.450673,0.407969,0.255042,-1.053903,-0.290113,-2.022375,0.458608,0.213426,0.314387,0.075513,0.184507,-0.246837,0.083173,0.148919,-0.195165,-0.062569,0.180048,0.015040,-0.174782,0.014487,-0.037423,0.045317,0.058722,0.077827,-0.062429,0.033003,0.028815,-0.071403,-0.009889,0.038318,0.006031
-3.642754,1.927006,1.511840,0.212742,-0.478756,-1.010467,-0.390355,0.370442,-0.061109,-0.239894,-0.534275,-0.393887,-0.295064,-1.652293,0.399442,0.060666,0.295830,0.138217,0.250936,-0.315909,0.119964,0.136999,-0.270122,-0.024885,0.221443,0.006056,0.288861,-0.049063,-0.064025,-0.009493,0.021211,0.015031,0.004751,0.017984,-0.000850,0.002684,0.033807,-0.002153,0.002697
-3.403461,2.430861,0.963790,0.602441,-0.710146,-0.100329,-1.168254,0.726088,0.050884,-0.854795,-0.006329,-0.125676,-0.036491,-0.752312,0.235841,-0.050083,0.243374,0.203391,0.206972,-0.192845,0.185963,0.074281,-0.163728,0.031950,0.189123,0.043791,0.361556,-0.094501,-0.025666,-0.048858,0.001051,-0.053996,0.061670,-0.009930,-0.030878,0.054782,0.027696,-0.031915,-0.010835
-2.652550,1.948830,0.979980,0.773389,-0.479939,-0.241629,-1.071131,0.657137,-0.024107,-0.828642,0.138273,0.016510,-0.229278,0.108904,0.020424,-0.022978,0.162809,0.085265,0.076996,-0.008013,0.069221,0.040944,0.017036,0.171420,0.090482,-0.021576,0.207014,-0.067390,0.007678,-0.065960,-0.016427,-0.069734,0.064065,-0.031257,-0.026465,0.057307,-0.002581,-0.044695,-0.009831
-2.781837,2.308752,0.924345,1.054425,-0.156741,-0.247835,-0.545479,0.937027,0.019228,-0.386847,0.143488,0.020734,-0.030515,-0.084083,-0.057536,0.065012,0.006254,0.074857,-0.135867,0.061491,0.011268,-0.037282,0.063189,0.044315,0.004589,-0.065518,-0.017676,-0.015854,0.016510,-0.075886,-0.013914,-0.049313,0.026464,-0.048842,-0.018343,0.025835,-0.030137,-0.039032,-0.009659
-3.468445,2.157848,1.426298,1.093101,-0.226310,-0.415260,-0.741730,0.708264,0.220873,-0.357965,0.545337,0.155136,-0.441338,-0.326580,0.043815,0.062961,-0.088514,0.044274,-0.103018,0.037157,-0.049917,-0.008354,0.037285,-0.053107,-0.023075,-0.026133,-0.157365,0.030265,0.001160,-0.053479,0.013363,-0.002679,-0.002242,-0.034523,-0.005888,0.007627,-0.055701,-0.018692,0.013569
-3.796974,1.976404,1.221964,0.505233,-0.377200,-0.911149,-0.909583,0.757462,-0.326957,-0.666547,0.097290,-0.145380,-0.366697,-0.559916,0.108351,0.033029,-0.208316,0.084520,-0.075238,-0.017198,-0.143579,-0.041286,0.010975,-0.084497,-0.048414,-0.039482,-0.141338,0.025943,-0.010516,0.006894,0.036458,0.048573,-0.006804,-0.017283,0.020651,0.016107,-0.021873,0.008225,0.025050
-4.563087,2.440728,1.298830,0.478845,-0.113841,-0.588612,-0.627932,0.395958,0.086486,-0.437901,-0.180958,-0.035251,-0.234853,-0.726196,0.167574,0.003967,-0.139204,0.145647,0.024217,0.014269,-0.135075,-0.003860,0.091409,-0.184611,-0.024778,0.054060,-0.102195,-0.044176,-0.010229,0.057619,0.058133,0.069943,0.005593,0.010937,0.025507,0.020499,0.020178,0.026725,0.026391
-6.208195,2.923276,1.256197,-0.006269,0.311205,-0.654604,-0.703597,0.117805,-0.195624,-0.271386,-0.044961,-0.187814,-0.396421,-0.837085,0.078264,0.017895,0.075098,0.262596,0.162442,0.021657,-0.098572,0.112707,0.147994,-0.056662,0.065557,0.069147,-0.044339,-0.121289,-0.024677,0.077058,0.043277,0.075430,0.033786,0.047085,0.038268,0.025883,0.057001,0.039948,0.031646
-7.345047,2.835201,1.483552,0.441778,0.361177,-0.373938,-0.736167,0.109410,0.122669,0.056175,-0.602559,0.030185,-0.065520,-0.847235,-0.269352,-0.003931,0.193718,0.356223,0.300343,0.059425,-0.013192,0.103304,0.113583,0.081627,0.118803,0.104373,0.178326,-0.206283,-0.045983,0.032195,-0.005754,0.048904,0.060442,0.065675,0.017241,0.009625,0.070681,0.027412,0.012691
-8.227467,2.334553,1.296826,1.045372,1.096640,0.072607,-0.697652,0.225408,0.399523,0.075369,-0.057940,0.277967,0.010169,-0.724716,-0.579743,-0.145842,0.194950,0.268798,0.350054,0.213371,0.125817,0.189499,0.185076,0.207209,0.177828,0.159597,0.548463,-0.220369,-0.091537,-0.031488,-0.065148,0.008913,0.068880,0.050386,-0.031812,0.000129,0.036868,-0.006197,-0.009895
-9.442589,0.973036,1.300228,1.265430,1.828970,1.058213,-0.221307,0.236027,0.470800,0.148268,0.381427,0.542898,0.258224,0.662286,-1.047438,-0.256779,0.034129,0.064383,0.294816,0.371477,0.222491,0.084406,0.136122,0.210876,0.123100,0.090909,0.742627,-0.141264,-0.096961,-0.064163,-0.092251,-0.041698,0.030949,0.015817,-0.059697,-0.007475,-0.024085,-0.027238,-0.032586
-10.231773,0.023031,0.423502,0.902526,1.330008,0.971157,0.474882,0.875093,0.886836,0.918737,0.856157,0.760369,0.506241,2.628852,-1.182356,-0.539953,-0.089475,-0.115107,0.229679,0.381979,0.138684,-0.119084,0.128759,0.152542,0.015357,-0.011446,0.496577,0.022372,-0.003630,-0.044031,-0.070367,-0.074548,-0.051788,-0.045774,-0.080664,-0.036619,-0.089250,-0.045623,-0.041680
-2.168560,-2.958329,0.256277,0.761683,0.634424,1.150374,1.167514,1.249656,0.434914,0.544301,0.357951,0.628666,0.293055,3.152906,-1.024415,-0.531827,-0.153502,-0.178720,0.045422,0.206991,0.076204,-0.192776,0.076748,-0.074356,-0.005820,-0.067614,-0.151743,0.259877,0.147729,-0.026059,-0.056786,-0.108447,-0.133445,-0.088837,-0.029370,-0.048525,-0.096344,-0.040822,-0.023895
5.420292,-3.548510,-1.732962,0.721701,0.887245,1.565863,1.167896,0.624975,-0.383234,0.738073,0.982460,0.356479,-0.082997,1.861526,-0.420359,-0.033285,-0.049675,-0.172417,-0.086732,-0.093043,-0.167142,-0.279533,-0.068814,-0.322230,-0.101456,-0.086857,-0.677947,0.378803,0.270645,-0.017841,-0.066440,-0.123192,-0.139365,-0.087734,0.046365,-0.056911,-0.063097,-0.022443,-0.000911
3.509846,-4.036999,-1.119128,0.353454,0.819597,1.071817,0.825556,0.850934,-0.186146,0.752580,-0.165711,0.725061,0.102633,0.015101,0.523751,0.600112,-0.189418,-0.367867,-0.362700,-0.392097,-0.313670,-0.058292,-0.137966,-0.276997,-0.126232,-0.063708,-0.624034,0.326800,0.218991,-0.003318,-0.073440,-0.092516,-0.077890,-0.066358,0.078061,-0.036694,0.019608,-0.010912,-0.001249
-0.901711,-2.206401,0.937223,0.796428,0.048685,0.440369,0.039005,-0.058011,-0.672993,0.358163,-1.018494,0.054818,0.022957,-0.779624,0.887693,0.926170,-0.213527,-0.553847,-0.492568,-0.363963,-0.347184,0.158768,-0.199654,-0.222047,-0.094335,-0.033347,-0.164243,0.110877,-0.006366,0.008274,-0.023553,-0.031990,0.000793,0.001590,0.083072,0.006659,0.080525,0.014108,-0.008026
0.852207,-0.104081,2.969854,-0.517513,-1.438028,-0.696736,-0.868586,-0.518168,0.184372,-0.183192,-0.476504,-0.043033,-0.184088,-0.099551,0.775665,0.633131,-0.104666,-0.573813,-0.447902,-0.241971,-0.354255,0.170882,-0.141970,0.019934,-0.092797,-0.116850,0.210705,-0.122380,-0.218567,0.052071,0.060929,0.064695,0.063944,0.058799,0.027345,0.035898,0.061859,0.018436,-0.005808
1.310715,0.436612,2.444933,-0.245375,-1.715543,-0.825502,-0.398023,-1.023219,0.483153,-0.122741,-0.330738,0.130644,-0.161398,0.794256,0.288365,-0.095286,-0.038198,-0.281102,-0.286428,-0.162411,-0.157727,0.226271,-0.025806,0.130559,-0.013940,-0.133592,0.287919,-0.196162,-0.263571,0.041330,0.100956,0.124288,0.080220,0.085885,-0.022695,0.038634,0.017055,0.005242,0.015698
1.499054,-0.153779,2.395809,0.197535,-2.162996,-1.273114,-0.555641,-1.046346,0.368186,0.048894,-0.364979,0.087521,-0.583635,0.915669,-0.091326,-0.526159,0.105244,-0.082282,0.017069,-0.013541,0.009792,0.110394,0.035411,0.007962,-0.029733,-0.070257,0.134244,-0.146988,-0.172676,-0.007524,0.103120,0.132848,0.098634,0.077553,-0.051692,0.016626,-0.027613,-0.005210,0.051940
3.828999,-0.225490,0.636924,0.205204,-1.502132,-1.172819,-1.186778,-0.863618,0.736771,0.072408,-0.192145,-0.084374,-0.667327,0.979379,-0.146921,-0.468710,-0.016714,-0.077450,0.204739,0.123220,0.092131,0.016152,-0.007523,-0.090828,-0.088125,0.047982,-0.056134,-0.046758,-0.046717,-0.036336,0.073778,0.082896,0.104214,0.021250,-0.082759,-0.013504,-0.021723,-0.014535,0.051318
5.456619,-0.348243,0.414055,-0.020217,-2.132572,-0.401142,-0.551051,-0.550872,0.786718,-0.042368,-0.481000,-0.114730,-0.398953,0.921938,-0.105994,-0.472973,-0.180046,0.062752,0.300504,0.354719,0.079665,-0.114393,-0.035348,-0.079151,-0.096352,0.168799,-0.152236,0.026665,-0.014597,-0.035285,0.091912,0.004500,0.052442,-0.025303,-0.066621,-0.025846,0.023012,0.003857,0.010593
5.620216,-0.412006,0.359000,-0.226968,-2.286375,0.111582,0.434583,-0.674928,0.374759,-0.124933,-0.866530,-0.336711,0.066697,0.477339,-0.051875,-0.469999,-0.176276,0.164705,0.191203,0.434812,-0.056091,-0.284675,-0.100641,0.008515,-0.091214,0.118649,-0.210420,0.041260,-0.029056,0.003390,0.112827,-0.041860,-0.029703,-0.035595,-0.019864,-0.024445,0.053858,0.026116,-0.034749
6.508789,-0.733524,-0.570457,-0.765731,-1.391815,0.096188,1.011901,-0.627773,-0.220231,-0.085760,-0.543743,-0.409639,0.175235,0.132144,0.064249,-0.632732,-0.087819,0.450969,0.055213,0.223730,-0.128672,-0.241499,-0.120811,0.128202,-0.000834,-0.039256,-0.240034,0.030285,0.009782,0.033417,0.082351,-0.053814,-0.101630,-0.016272,0.039247,-0.016699,0.041626,0.029461,-0.047731
6.244270,-0.345054,-1.956223,-0.576260,-0.813765,-0.138656,0.943926,-1.217290,-0.664395,-0.574511,-0.092288,-0.525992,-0.162872,-0.096654,0.080516,-0.604495,-0.045610,0.539634,0.011061,-0.034308,-0.093460,-0.071921,-0.157064,0.206748,0.058414,-0.121720,-0.236231,0.003650,0.085360,0.030855,0.041948,-0.033457,-0.114149,0.036759,0.073323,0.013323,0.000960,0.018804,-0.017401
5.784645,0.080234,-2.598627,-0.410079,0.098294,0.100210,0.699245,-1.155688,-0.310504,-0.620658,-0.001724,-0.006635,-0.545319,-0.484095,0.058054,-0.330103,-0.002956,0.457907,-0.015405,-0.173200,-0.046491,0.070937,-0.141311,0.131248,0.048216,-0.082111,-0.251372,-0.026321,0.168513,0.027666,-0.006888,-0.015351,-0.064369,0.077103,0.057173,0.043443,-0.040470,-0.015607,0.023387
5.097023,-0.248483,-2.608959,-0.687903,0.526844,0.191453,0.375621,-1.052218,-0.066380,-0.902246,0.252501,-0.129773,-0.383938,-0.879049,-0.018294,0.021141,0.004496,0.440832,-0.026790,-0.223093,0.155709,0.106386,0.000599,0.011512,0.023719,-0.003544,-0.291881,-0.016683,0.194192,0.044703,-0.031888,-0.006878,-0.018263,0.084528,0.008300,0.058141,-0.057057,-0.023458,0.036278
3.614208,-0.361153,-2.396853,-0.708659,0.951307,-0.163422,0.154819,-1.038433,-0.053130,-0.861637,0.170565,-0.267289,-0.261084,-1.254724,-0.080649,0.320556,0.086421,0.413700,-0.043363,-0.164896,0.302219,0.095497,0.117245,-0.080384,-0.102114,0.063944,-0.311463,-0.009187,0.142305,0.050198,-0.066499,0.006027,0.017132,0.048800,-0.016041,0.056333,-0.025065,0.000829,0.021978
1.228252,-0.212692,-1.868246,-0.376040,1.659318,-0.177292,-0.257717,-0.256038,-0.090650,-0.447700,-0.089971,-0.218524,-0.328062,-1.793225,0.027850,0.528869,0.236766,0.287571,-0.028919,-0.175683,0.343346,-0.024594,0.140783,-0.118044,-0.043931,0.064229,-0.128951,0.008379,0.080181,0.031522,-0.159184,0.014104,0.044291,-0.024008,-0.018345,0.030127,0.018266,0.032488,0.010702
-0.886703,-0.441694,-0.784019,0.031086,2.250769,0.003640,-0.069962,0.442831,0.331470,-0.063967,-0.354665,-0.624002,-0.146414,-2.255758,-0.030813,0.485578,0.249188,0.000785,0.028488,-0.068665,0.202894,0.013476,0.202160,0.005357,0.086687,0.035723,0.327237,0.026772,-0.014914,-0.028620,-0.232781,0.011965,0.053706,-0.086887,-0.014797,-0.002434,0.044963,0.057266,0.000218
-4.848263,0.011079,0.158339,0.541621,1.754962,-0.076724,-0.669780,0.477943,-0.429444,-0.360197,-0.260129,-0.225274,-0.012529,-1.238443,0.022737,0.542246,0.151321,-0.581603,0.040691,0.060724,0.002511,0.007162,0.175156,0.102952,0.171406,0.077716,0.757244,0.009678,-0.150681,-0.090319,-0.161634,0.004327,0.059527,-0.117621,0.000770,-0.044537,0.041566,0.023944,-0.011432
-8.626827,-0.644832,-0.125037,0.514719,0.869433,-0.015639,-0.083483,-0.070978,0.199300,0.444672,0.303073,0.333015,-0.180145,1.029386,0.125802,0.204267,-0.093712,-0.932582,0.009195,0.119441,-0.201814,-0.034003,0.072871,0.143661,0.218139,0.045721,0.766819,0.002753,-0.204963,-0.086790,0.084363,-0.013195,0.009441,-0.050309,-0.003787,-0.076212,-0.015501,-0.046902,-0.018173
