# 语音指令: add
# 采集时间: 13-Apr-2025 20:16:29
# 帧数: 61
# 特征维度: 39
# 格式: 每行一帧，每帧39个特征值，用逗号分隔
0.935787,-0.133705,-0.016708,1.163902,0.447833,0.451708,0.508874,-0.052503,-0.078991,0.482236,0.279484,0.382727,0.032635,0.058000,-0.003816,-0.037086,0.071707,0.120852,0.188530,0.134380,0.147401,0.027221,0.016628,-0.137719,0.165750,0.217631,0.008070,0.009051,-0.050584,-0.036205,0.003051,-0.011239,-0.025648,-0.008357,-0.000940,-0.015538,-0.037706,-0.014478,0.010393
-0.476467,0.023223,0.019893,0.433064,0.126565,0.587701,0.621757,0.285121,0.126634,0.105279,-0.084412,0.347357,0.646197,0.036702,-0.027733,-0.157899,-0.018368,0.023446,0.052742,0.005315,0.007733,0.020228,-0.080708,-0.142988,0.048112,0.073750,0.050283,0.012278,-0.033335,-0.019682,-0.008579,-0.046044,-0.046119,-0.024725,-0.006732,0.007423,0.022315,-0.035301,-0.029868
0.387184,-0.030059,-0.135810,0.001256,0.331446,0.334964,0.126342,0.348974,0.026337,-0.008245,-0.419577,0.380813,0.399245,0.114611,0.059796,-0.111929,-0.120711,-0.006464,-0.080076,-0.102029,-0.036501,-0.019966,-0.018356,-0.071498,-0.088679,-0.006861,-0.013885,-0.003934,-0.010455,-0.011918,-0.013955,-0.033202,-0.018666,-0.016575,-0.001535,0.019733,0.047953,-0.025069,-0.025928
0.367851,-0.169631,-0.574736,0.482368,0.142242,0.269798,0.199671,-0.169566,0.026949,-0.090829,-0.225683,0.195796,0.107984,0.310559,0.036459,-0.114553,0.009592,0.015683,-0.086673,-0.095734,-0.020816,-0.014552,0.047716,0.064744,-0.043558,-0.033656,-0.030749,-0.007555,0.018628,0.004324,0.002392,0.001634,0.014229,0.018182,-0.001486,0.032658,0.046130,0.006485,0.004492
1.188942,0.349904,-0.470076,0.292034,0.380677,0.077581,0.018300,-0.068102,-0.164423,0.435852,-0.131974,-0.128702,0.249816,-0.017604,-0.046591,-0.141569,-0.039027,0.000400,-0.013552,0.028885,0.034953,0.019473,0.089598,0.112426,0.004701,0.056171,-0.054081,-0.018032,0.013126,0.010712,-0.009420,0.024453,0.029792,0.013134,0.002022,0.012170,0.032409,0.028103,0.005519
1.104286,0.064845,-0.581151,0.309151,0.190278,0.139332,0.016124,0.355287,0.122836,0.179271,0.197975,0.315711,0.490356,0.037652,-0.012377,-0.007769,-0.034144,0.018282,0.008966,0.030548,0.105961,-0.024260,0.099437,0.105394,0.031191,0.055224,-0.066475,-0.009477,0.010279,0.000676,-0.013484,0.016709,0.018568,-0.013391,-0.002574,-0.010679,0.016335,0.021974,-0.001047
-0.187157,-0.469364,-1.080887,-0.214788,0.293868,0.310612,0.389256,0.319968,0.106050,0.431961,0.112665,0.356177,0.576346,0.010919,-0.032205,-0.071275,-0.025868,-0.098083,0.032729,0.042246,-0.003790,-0.013574,0.036247,0.145613,0.065852,-0.030610,-0.012431,0.008003,0.014046,0.005914,-0.008294,0.006406,-0.006043,-0.027480,0.005746,-0.027535,0.000270,0.004965,-0.015469
1.218151,0.146031,-0.325613,0.465683,0.291305,0.213819,0.196418,0.343204,-0.272189,0.551965,0.349185,0.165280,0.306690,-0.036806,-0.022985,-0.077007,0.000716,-0.055872,-0.007268,0.020816,-0.104284,-0.030957,-0.016512,0.165027,0.071802,-0.018819,-0.014314,0.011188,0.009958,-0.010384,0.002818,0.018715,0.000681,-0.019783,0.023918,-0.027986,-0.021871,-0.006201,-0.000692
1.116043,0.083151,-1.077497,-0.001160,-0.339947,0.259293,0.188368,-0.086926,-0.059567,0.469089,0.757738,0.389511,0.131398,0.091854,0.037555,-0.006006,-0.019471,-0.044400,0.019836,-0.027597,-0.068436,0.052289,-0.069754,0.079000,0.002761,-0.043527,0.002476,0.023329,0.038153,0.004196,0.030385,0.016114,0.006269,0.010933,0.014805,-0.005173,-0.051676,-0.018755,0.013591
0.118553,-0.376102,-1.100715,0.164639,0.118481,0.117297,0.233913,-0.136092,-0.002899,0.028562,0.970180,0.781711,0.581182,0.055292,0.055479,0.029886,-0.122588,-0.007094,0.133004,0.054546,-0.012495,0.108566,-0.068271,-0.030964,-0.002640,0.035786,0.032656,0.028179,0.033889,0.020865,0.022359,0.008411,0.003118,0.034761,0.000394,0.015255,-0.052159,-0.020262,0.005340
0.886242,0.030610,-0.737864,-0.236547,0.068054,0.491872,0.165101,0.103772,0.317835,0.206573,0.323400,0.070356,0.142737,0.148901,0.122354,0.157028,0.059885,0.085744,0.060680,0.056367,0.029907,0.014074,0.012518,-0.149594,-0.056454,0.023316,0.000204,0.008637,0.015193,0.036003,0.027506,-0.009024,-0.013708,0.018713,-0.021060,0.016708,-0.019435,-0.006229,0.001139
1.612900,0.530704,-0.300681,-0.276351,0.023788,0.984983,0.550268,0.164952,0.260716,0.206020,0.354488,0.311242,0.533409,0.345054,0.164778,0.091247,0.110162,0.027082,0.012620,-0.013808,0.104839,-0.022517,0.045954,-0.117505,-0.069421,-0.032896,-0.031472,-0.020108,-0.022873,0.025965,0.023988,-0.034406,-0.029794,0.002846,-0.015360,0.002660,0.009140,0.001349,-0.019034
1.272781,0.433985,-0.435148,0.576094,0.262800,0.230748,0.384547,-0.037669,-0.099717,0.441747,0.062854,0.252374,0.304536,0.113964,0.066509,0.072861,0.126807,0.125135,-0.010422,-0.112259,0.010836,-0.053745,-0.012370,-0.029124,-0.029436,-0.021344,-0.046745,-0.045881,-0.055106,-0.025746,0.004237,-0.012118,-0.015555,-0.005433,0.002648,-0.017212,0.030482,0.018158,-0.009287
2.136883,0.509272,-0.648252,0.450259,0.185428,0.332752,0.010713,0.633956,0.053598,0.195270,0.311647,0.231880,0.274788,0.002180,-0.048582,-0.103976,0.031323,0.133448,-0.112259,-0.100624,0.015974,0.013650,-0.046692,-0.028281,-0.024897,-0.105339,-0.036031,-0.043980,-0.042158,-0.042869,-0.012644,-0.005909,0.011878,-0.008276,0.015339,-0.012742,0.019538,0.022935,0.000931
1.295246,0.473265,-0.082830,0.203057,0.805242,0.749271,-0.334939,-0.058089,0.060927,0.107416,0.145223,-0.082217,0.123571,0.135213,-0.096250,-0.163054,-0.101158,0.044669,0.009464,-0.032915,0.031186,0.002224,-0.081063,0.028775,0.038603,-0.030819,0.002532,-0.018227,-0.025722,-0.035088,-0.057503,-0.000961,0.023711,0.000720,0.021857,-0.000355,0.003338,0.012917,0.005990
1.527435,0.175724,-1.174500,0.076513,0.626000,-0.021908,0.217759,0.282054,0.269225,0.039840,0.119323,0.316544,-0.084556,0.229658,-0.064868,-0.111384,-0.104742,-0.047185,-0.064415,0.019579,0.030182,0.050914,-0.026077,-0.005555,0.049701,-0.041879,-0.023753,0.009032,0.018532,-0.011205,-0.055835,0.022473,0.020187,-0.014713,-0.002620,0.008890,0.001620,-0.010521,0.019820
2.390160,-0.052368,-1.263537,0.046111,0.324086,0.471933,0.040168,0.346587,-0.194868,-0.043024,0.345413,0.471383,0.272560,0.184673,-0.043227,-0.120746,-0.075686,-0.235493,-0.064320,-0.010558,0.006725,0.077923,-0.036150,-0.021086,0.011272,-0.028851,-0.028189,-0.019856,0.050258,0.018029,-0.010521,0.028654,0.015707,-0.015115,-0.004051,0.027059,0.001077,-0.031385,0.014350
3.031715,0.328180,-0.804950,-0.212020,0.095215,0.042748,-0.067738,0.633230,0.518759,0.074575,0.169080,0.290405,-0.085089,-0.035238,0.011466,0.009459,-0.072813,-0.164904,0.070409,0.023572,-0.084548,-0.057475,-0.013285,0.003163,-0.109003,0.021622,0.063900,-0.125982,0.046686,0.007866,0.041033,0.044151,0.020466,0.011380,-0.025565,0.038119,0.012476,-0.023958,0.021786
1.685493,0.097399,-1.077070,-0.199722,-0.515545,0.288906,-0.284000,-0.188448,0.453480,-0.173019,-0.025665,0.009985,-0.074691,0.221700,-0.264514,0.149057,0.010727,0.004954,0.134185,0.066867,-0.027222,0.012408,0.104670,0.026864,-0.136303,0.024349,0.117248,-0.186933,0.044263,-0.007458,0.087934,0.026410,0.012373,0.031971,-0.015016,0.038267,0.010070,0.003509,0.012124
1.556084,0.165826,-1.209164,-0.328465,-0.069772,0.539762,0.515562,-0.013684,-0.440284,-0.005797,0.320511,-0.175461,0.227033,0.855856,-0.880264,0.099460,-0.096321,0.120669,0.144691,0.118337,0.130096,-0.121689,0.178590,0.058408,-0.075062,0.074212,0.048368,-0.086200,0.043523,-0.004378,0.035226,-0.030831,-0.022645,0.011271,0.001343,-0.005886,-0.026694,0.015168,-0.012579
4.517216,-1.746077,-0.072204,0.133377,0.423385,1.118753,0.172870,0.488966,0.365210,0.672893,0.443353,-0.200385,0.272639,0.783947,-0.980536,0.161826,-0.127236,0.261559,0.073844,0.018829,0.136776,-0.016214,0.144105,0.021187,0.001751,0.015080,-0.118270,0.166151,0.022007,-0.001884,-0.053996,-0.095695,-0.037521,-0.024501,-0.024987,-0.046287,-0.049852,-0.004561,-0.023830
7.232800,-4.629966,-0.648802,-1.063184,0.413984,0.593191,0.471317,1.162232,-0.250536,0.820152,0.318522,-0.100839,0.229807,0.211857,-0.258197,0.325095,-0.044030,-0.048681,-0.153420,-0.138277,-0.084427,-0.046720,-0.087961,-0.199836,-0.083141,-0.088789,-0.227074,0.389917,0.017705,0.027194,-0.105044,-0.119250,-0.026751,-0.053114,-0.021788,-0.041407,-0.041508,-0.025201,-0.025093
3.984684,-4.053071,-0.282899,-0.723073,0.970082,0.755244,-0.157776,0.135833,0.248344,0.352639,0.111139,-0.011670,0.018268,-0.177863,0.689408,0.196895,-0.036917,-0.335006,-0.457245,-0.102262,-0.106127,-0.226102,-0.120023,-0.223535,-0.185339,-0.093580,-0.139016,0.354510,-0.020126,0.024852,-0.094832,-0.089507,0.022919,-0.024496,-0.028438,0.002639,-0.002886,-0.023149,0.000855
3.145969,-0.413450,1.058992,-0.236248,-0.683887,-0.300522,-0.262385,-0.399563,-0.695486,-0.454141,-0.851056,-0.820109,-0.243894,-0.200837,1.227962,0.210311,0.055108,-0.388545,-0.506908,-0.037777,-0.149213,-0.193784,-0.010712,-0.136170,-0.189393,-0.080356,-0.110385,0.108576,-0.049448,0.018593,0.017904,0.007237,0.044403,0.019439,0.019917,0.047554,0.043083,0.023311,0.027705
5.286114,0.730258,0.382041,-0.568678,-1.277279,-1.481926,-0.163451,0.562751,-0.921826,0.487818,-0.467531,-1.072361,-0.120561,0.113134,0.954033,0.063872,0.002222,-0.299415,-0.443487,0.124444,-0.016957,-0.169595,0.114464,-0.037921,-0.137605,-0.003426,-0.231004,-0.103157,-0.012798,0.028787,0.094894,0.094951,0.011352,0.018647,0.069679,0.000042,0.040499,0.064691,0.017157
5.154411,1.153324,0.416311,-0.815470,-1.068862,-1.666847,0.200879,-0.045579,-0.959508,0.659080,-0.305382,-0.829126,-0.242669,-0.596070,0.442631,0.016348,0.068479,0.048136,-0.128794,0.065362,0.014370,0.060774,0.140641,0.024846,0.048956,0.053216,-0.312171,-0.174410,0.016327,0.033966,0.097213,0.121715,-0.028795,0.022418,0.070956,-0.050568,0.026894,0.076381,-0.000048
3.645927,1.512304,0.459767,-0.461122,-0.849757,-1.517411,0.418794,-0.153809,-0.752445,0.537054,-0.419940,-0.920545,-0.011373,-1.547315,0.327222,0.193491,0.164930,0.138690,0.043061,-0.084722,-0.050478,0.155587,-0.206196,-0.005936,0.161805,-0.052391,-0.249204,-0.122893,0.039417,0.026295,0.052442,0.104215,-0.056484,0.007051,0.046520,-0.060160,0.020594,0.055686,-0.019465
-0.096500,2.134942,1.124626,0.124029,-0.592963,-1.140643,-0.139184,0.054918,-0.377180,0.436779,-0.714649,-0.565657,0.050099,-1.546433,0.252112,0.263551,0.221131,0.101830,0.139908,-0.165183,0.033277,0.162167,-0.240452,0.043913,0.214895,-0.076938,0.026727,-0.066121,0.008896,-0.010840,-0.003144,0.038919,-0.024192,0.001610,0.000064,-0.026697,0.018059,0.005473,-0.016723
-2.492626,2.409473,1.313335,0.018634,-0.606854,-1.457191,-0.579659,0.176383,-0.177911,-0.797735,-0.307907,-0.121414,-0.622405,-1.115256,0.146415,0.231498,0.115746,0.047387,0.181006,-0.199944,0.024063,0.114978,-0.157006,0.101364,0.178201,-0.105041,0.238344,-0.053048,-0.040204,-0.036539,-0.013976,-0.002388,0.018308,0.004731,-0.025170,0.041321,0.010078,-0.035071,0.015660
-2.174625,2.374030,1.742043,0.376385,-0.527669,-0.763476,-0.422543,0.011571,-0.167828,-0.298607,-0.074082,0.207930,-0.456257,-0.446186,0.055949,0.059663,0.004405,0.050542,0.071352,-0.074496,-0.013235,0.067933,-0.094991,0.101008,0.062939,-0.066586,0.225575,-0.035797,-0.053163,-0.038751,-0.013971,-0.031456,0.040589,-0.003790,-0.026003,0.039512,-0.011573,-0.045140,0.024578
-2.838814,2.357404,1.689893,0.141865,-0.582713,-0.498529,-0.793910,0.028682,-0.092764,-0.164025,-0.069899,-0.115343,-0.464656,-0.144400,0.046264,-0.010493,-0.008114,0.039847,0.036657,-0.008786,0.005855,0.000304,0.020170,0.035470,-0.044117,0.039178,0.117524,-0.012337,-0.030741,-0.009410,-0.007660,-0.036616,0.043639,-0.005311,-0.016995,0.027206,-0.014134,-0.029631,0.022711
-2.986740,2.522512,1.329612,0.049310,-0.284313,-1.143534,-0.550127,0.040932,0.030966,-0.535417,-0.165700,-0.145111,-0.478870,-0.174586,0.052535,-0.018574,-0.014939,-0.018850,-0.046607,0.027625,0.011547,0.010856,-0.043510,-0.015571,-0.031367,0.014582,-0.014176,-0.000392,0.004316,0.009887,-0.003279,-0.004006,0.021677,-0.008342,-0.002233,0.019325,-0.001380,-0.008249,0.011600
-3.137997,2.632203,1.445109,0.085603,-0.479113,-1.022023,-0.595864,0.201132,-0.277451,-0.566927,-0.031072,-0.235021,-0.356095,-0.204168,0.074419,0.035661,0.047473,0.004965,-0.057407,0.060264,-0.030568,0.002427,0.010489,0.048015,-0.015747,0.004006,-0.081610,-0.028116,0.001844,0.019963,0.025181,0.014343,0.013771,-0.016493,0.021354,0.010668,0.000287,0.004166,0.004081
-3.277706,2.575405,1.736122,0.262452,-0.721361,-0.811679,-0.358822,0.002727,-0.005278,-0.409288,-0.202736,0.062642,-0.419508,-0.357159,0.057754,0.064558,0.043398,0.023724,0.065570,0.037533,-0.059998,0.036499,0.043975,0.078756,-0.031981,0.017294,-0.144276,-0.089854,-0.012055,0.024561,0.053356,0.046339,0.014949,-0.013600,0.020365,0.017844,-0.003244,0.006190,0.017852
-4.143215,2.815629,1.719886,0.309311,-0.347313,-1.046410,-0.509231,-0.155602,-0.060627,-0.179231,0.263283,-0.320215,-0.473819,-0.499727,-0.148392,-0.042629,0.105074,0.187752,0.065366,0.073517,-0.084476,0.134009,0.045621,-0.015177,-0.031430,0.047726,-0.188239,-0.166930,-0.050713,0.003523,0.044508,0.060173,0.012597,0.009252,0.018175,0.014865,-0.015834,0.021072,0.033416
-4.953953,2.804368,1.618122,0.184303,-0.208276,-0.693447,-0.364652,-0.180292,0.163714,-0.458165,0.206727,-0.311734,-0.310904,-0.943415,-0.491145,-0.074238,0.133102,0.270257,0.216777,0.117091,-0.065910,0.084175,0.061938,-0.013937,0.004035,0.105913,-0.041327,-0.208704,-0.086567,-0.014217,0.022298,0.052356,0.007544,0.048495,-0.006724,0.012589,0.001976,0.023861,0.028491
-5.720146,1.516986,1.215427,0.782697,0.499800,-0.644604,-0.124262,-0.270133,0.529279,-0.260414,-0.342422,-0.253378,-0.098409,-1.157374,-0.884282,-0.279689,0.021679,0.195843,0.295517,0.098932,0.039365,0.101272,0.102183,-0.030025,0.105415,0.189612,0.327087,-0.167985,-0.088063,-0.046439,-0.041979,0.041854,-0.008394,0.064650,-0.036673,0.009699,0.026859,0.015731,0.002017
-8.867439,-0.061028,1.488941,0.870632,0.640570,0.433359,0.207874,-0.379009,0.258770,0.022159,0.001767,0.060110,0.092687,-0.172825,-1.120757,-0.470564,-0.028901,0.167242,0.320397,0.065381,0.239386,-0.011187,0.099296,0.095369,0.059689,0.139330,0.643458,-0.065910,-0.056579,-0.053411,-0.065182,-0.010438,-0.028326,0.038217,-0.046862,0.005986,0.022136,0.013320,-0.025598
-9.991062,-1.658344,-0.084606,0.068203,0.517663,0.361060,-0.157371,0.206592,0.564824,0.239758,0.160158,0.200617,0.582282,1.733588,-1.074651,-0.509336,-0.169581,-0.095253,0.304691,0.020390,0.245339,-0.106982,0.088875,0.125979,0.039860,0.025439,0.526751,0.061958,0.044595,-0.010281,-0.052679,-0.052660,-0.028240,-0.021922,-0.035682,-0.000823,-0.013815,0.011038,-0.036127
-4.059422,-3.091141,-0.873445,0.306406,0.881514,0.940461,0.066348,1.177652,0.069199,-0.068341,0.585794,-0.136821,0.271430,2.602501,-0.871462,-0.388154,-0.179220,-0.092731,0.111136,-0.072110,0.115321,-0.176789,0.102673,0.068451,0.117842,-0.024691,-0.013314,0.250392,0.175991,0.025774,-0.053604,-0.090168,-0.026693,-0.086826,0.008623,-0.001592,-0.053288,0.008975,-0.036193
3.344334,-4.143755,-1.003445,-0.108204,-0.271914,1.133883,0.061009,0.587526,-0.091315,0.355268,0.199985,0.114805,-0.024371,1.571055,-0.525419,0.009169,0.012365,-0.088929,-0.017576,-0.060151,-0.065423,-0.097168,0.083509,-0.125814,0.140256,-0.020036,-0.467720,0.373469,0.237625,0.038180,-0.033482,-0.107957,-0.015531,-0.079438,0.044310,-0.022272,-0.047163,-0.013963,-0.034441
1.726105,-4.639527,-0.643819,-0.278437,0.400928,0.788618,-0.403476,0.199728,-0.593919,0.626826,0.432757,0.892614,0.225223,-0.025956,0.501386,0.585713,0.066064,-0.257616,-0.217505,-0.110577,-0.258840,0.034951,0.079224,-0.184026,0.057934,-0.130086,-0.401519,0.375834,0.176337,0.014414,-0.066712,-0.076928,0.010903,-0.047204,0.058926,-0.037517,-0.021179,-0.042945,-0.039623
-2.498886,-4.398401,-0.142784,0.400585,0.148870,0.320572,-0.344891,0.259802,0.246434,0.426837,-0.607518,0.624928,0.465626,-0.294624,1.058763,0.781518,-0.013235,-0.283594,-0.363435,-0.092890,-0.165772,0.105850,-0.077256,-0.107138,-0.053774,-0.200876,-0.000143,0.214605,0.013501,-0.042771,-0.054581,-0.033846,0.030534,-0.017796,0.025400,-0.036930,0.015532,-0.041978,-0.024922
-1.399616,0.367297,2.596487,0.449963,-1.062542,-0.102155,-0.489306,-0.383687,0.131165,0.401965,-0.242733,-0.001668,-0.846996,0.689409,1.174025,0.543802,-0.065678,-0.515405,-0.315667,0.010001,-0.190942,0.150020,-0.109134,-0.105365,-0.126100,-0.252147,0.235763,-0.076795,-0.177670,-0.047828,0.009153,0.032802,0.055842,0.016188,-0.004794,-0.018031,0.004439,-0.016450,0.038239
2.854275,0.399798,2.582037,-0.603113,-1.447029,-0.842869,-0.536770,-0.225516,0.249643,-0.069406,-0.181960,0.207434,-0.833622,1.377759,0.766620,0.126983,-0.249911,-0.389061,-0.245111,0.092536,-0.235247,0.022173,-0.110103,-0.054291,-0.101430,-0.166625,0.122354,-0.214008,-0.236658,-0.016662,0.063366,0.080618,0.062270,0.018866,-0.032769,0.013893,-0.014626,-0.005254,0.076687
3.556824,0.776751,1.614628,-0.256916,-2.253376,-0.733348,-0.262290,-0.830161,0.402444,0.125320,-0.487895,0.264679,-0.812319,1.071531,0.090321,-0.423943,-0.181671,-0.155903,-0.053425,0.199499,-0.105100,0.027207,-0.050401,-0.182794,-0.060483,0.118878,-0.085707,-0.221418,-0.181972,0.010259,0.124264,0.086117,0.042344,0.045213,-0.057796,0.011614,0.007768,-0.003222,0.082414
4.119190,0.496215,1.190209,-0.954525,-1.865676,-0.997142,0.137080,-1.084874,0.256446,-0.190926,-0.852311,-0.180462,-0.668731,0.597428,0.014380,-0.513946,-0.087568,-0.007766,0.087309,0.263361,-0.069606,-0.092139,-0.013239,-0.183750,-0.144855,0.168064,-0.180139,-0.127047,-0.089315,0.047107,0.118940,0.083845,0.001411,0.056040,-0.048152,-0.001658,0.044543,0.007107,0.044430
5.022705,0.909773,0.461625,-0.627944,-1.908797,-0.380427,0.482335,-0.654278,0.306976,0.104651,-1.131619,-0.206953,-0.143109,0.602229,-0.091664,-0.504926,-0.077270,0.206260,0.141232,0.226138,0.062930,-0.239922,-0.081275,0.011995,-0.147424,0.177912,-0.169167,-0.027405,0.000797,0.043030,0.097277,0.059797,-0.052408,0.030679,-0.020110,-0.025529,0.086481,0.025816,-0.021160
6.015427,0.417696,-0.272259,-1.043855,-1.687319,-0.436511,0.825229,-0.777096,-0.319050,-0.169401,-1.090532,-0.518465,-0.053985,0.426827,-0.076416,-0.506791,0.043824,0.302237,0.263623,0.073770,0.098628,-0.219027,-0.117915,0.176758,-0.023523,0.116382,-0.196967,-0.001344,0.036546,0.040179,0.074872,0.031081,-0.084966,0.000242,0.046531,-0.026701,0.075293,0.045524,-0.046858
6.534805,0.193459,-1.024801,-0.769858,-0.983711,-0.071352,0.879799,-0.564120,-0.911453,-0.449342,-0.294258,-0.545160,0.060204,0.053539,-0.050998,-0.425943,0.067992,0.399003,0.284122,-0.114790,0.038463,-0.073803,-0.200342,0.279924,0.053604,-0.034682,-0.280895,0.007712,0.073577,0.035644,0.031685,-0.012899,-0.075263,-0.033925,0.091373,0.002596,0.015737,0.027892,-0.047286
6.119888,0.333475,-1.449673,-0.633878,-0.329529,0.606568,0.408720,-0.472031,-0.596684,-0.722098,-0.098043,-0.164195,-0.000695,-0.440017,0.002791,-0.283745,0.133776,0.437734,0.226204,-0.219449,-0.057966,0.160156,-0.164773,0.241346,0.077193,-0.097775,-0.304672,-0.030678,0.105121,0.021576,0.003902,-0.072234,-0.033633,-0.026844,0.070883,0.033249,-0.031486,-0.019975,-0.029193
5.238640,0.600439,-1.793776,-0.422126,0.056103,0.992944,-0.096104,-0.549988,-0.048393,-0.976682,0.232860,-0.022741,-0.407153,-0.905602,-0.054603,-0.069022,0.137717,0.356478,0.040428,-0.207752,-0.115621,0.242160,-0.049192,0.092098,-0.007457,-0.090357,-0.304443,-0.045060,0.108400,0.018579,-0.021164,-0.082025,0.003635,0.012045,0.007503,0.050649,-0.057600,-0.041149,0.009271
3.641300,0.221354,-1.783895,-0.368352,0.694777,0.540126,-0.171236,-1.170200,0.314964,-1.026285,0.249448,-0.261068,-0.478328,-1.213179,-0.285877,0.098755,0.163418,0.333099,-0.179060,-0.148026,-0.028065,0.140991,0.045065,0.028891,-0.161671,-0.095433,-0.275904,-0.026528,0.087663,0.012138,-0.032684,-0.052297,0.037408,0.075457,-0.046037,0.036501,-0.051617,-0.007221,0.036333
1.647991,-0.125961,-1.322325,-0.026982,0.864434,0.232151,-0.236661,-0.985443,0.244956,-0.647261,0.140545,-0.542449,-0.309544,-1.677745,-0.225788,0.191406,0.185146,0.272924,-0.151208,-0.139269,0.111442,-0.021573,0.063791,-0.051484,-0.154448,0.012979,-0.214373,0.011091,0.044744,-0.002470,-0.032293,0.002050,0.054095,0.087999,-0.045460,0.019001,-0.018595,0.056351,0.054919
-0.261414,-1.220626,-1.031522,0.215527,1.470742,-0.206008,-0.529265,-0.441003,0.194417,-0.608444,0.135287,-0.978164,-0.691906,-1.957768,-0.091752,0.239113,0.193730,0.214712,-0.092973,0.010844,0.392020,-0.066885,0.041683,-0.079627,0.077666,0.102350,-0.095301,0.048894,0.011890,-0.029901,-0.052903,0.048602,0.064841,0.033278,-0.001174,0.022980,0.005855,0.097169,0.066051
-4.083733,-0.195279,-0.898409,0.477770,1.471392,0.358717,-0.866978,-0.171243,-0.134103,-0.782392,-0.058722,-0.689862,-0.220021,-1.975642,-0.049661,0.191980,0.096670,0.153807,-0.010012,0.102502,0.331917,-0.008482,0.084195,0.001259,0.276638,0.201939,0.096572,0.016196,-0.004214,-0.036876,-0.058108,0.053485,0.064627,-0.037568,0.033949,0.039210,0.035113,0.063890,0.033726
-6.633389,-0.367121,-0.406258,0.628333,1.806486,-0.142217,0.194788,1.036565,0.056429,-0.702898,-0.187199,0.334400,0.153058,-1.613530,0.011586,0.183244,-0.023969,-0.023780,0.092082,0.201367,0.108877,0.112017,0.196400,0.040796,0.332685,0.284769,0.240035,-0.010405,-0.020234,-0.044951,-0.064673,0.045233,0.009358,-0.101213,0.027856,0.026053,0.039705,-0.007601,-0.011571
-8.425732,-0.895244,-0.359583,0.368611,1.705716,0.134269,0.063234,0.488953,0.255235,-0.060799,0.304741,0.649505,0.608048,-0.960117,-0.137163,0.183333,0.010060,-0.063309,0.134631,0.234145,-0.031155,0.129966,0.269696,0.146017,0.178351,0.154015,0.587904,0.021512,-0.019397,-0.035668,-0.091909,0.002987,-0.033863,-0.080160,-0.015055,-0.018589,0.002509,-0.070933,-0.069571
-8.936047,-0.804859,-0.083798,0.067842,1.178822,0.520858,0.326654,-0.044858,0.744362,0.318025,0.220091,0.574038,0.786334,-0.499810,-0.107219,0.087283,-0.107463,-0.181446,0.151185,-0.000822,-0.187953,0.059188,0.133515,0.140145,0.050933,0.018824,0.940889,0.068219,-0.029783,-0.023106,-0.095510,-0.060238,-0.069519,-0.021794,-0.066479,-0.066972,-0.039579,-0.093330,-0.100323
-9.421944,-0.902286,0.158092,0.782610,1.346943,0.925480,0.606634,0.162169,0.386202,0.483055,0.705644,0.383311,0.483923,2.042239,0.189906,0.090081,-0.136457,-0.476347,-0.039934,-0.066403,-0.123274,-0.108608,-0.034592,-0.035230,-0.133349,-0.207572,0.706171,0.082324,-0.049469,-0.002494,-0.024080,-0.076505,-0.069732,0.026901,-0.064781,-0.090874,-0.066094,-0.068499,-0.067524
-9.556114,-1.089850,-0.087699,-0.337562,0.760006,0.470840,-0.103816,-0.052663,0.383369,-0.106793,0.541211,0.811034,0.334429,4.107420,0.378519,0.002099,-0.131373,-0.553254,-0.295193,-0.185777,-0.010928,-0.280914,-0.164556,-0.171058,-0.230306,-0.307561,-0.155751,0.001449,-0.034430,0.050382,0.115495,-0.032001,0.012495,0.066855,0.000644,-0.028226,-0.031597,0.006474,0.025788
