# 语音指令: add
# 采集时间: 20-Apr-2025 14:26:35
# 帧数: 61
# 特征维度: 39
# 格式: 每行一帧，每帧39个特征值，用逗号分隔
-0.064484,-0.098416,-0.961659,-0.406150,0.844921,0.698710,-0.228593,-0.023877,0.002342,0.136138,-0.009080,-0.049288,-0.343480,-0.637969,-0.214162,-0.333782,-0.143785,0.250069,-0.041474,-0.357581,-0.064746,0.006786,0.096426,0.075657,0.133011,-0.083020,-0.190665,-0.040669,0.003379,0.034625,-0.007311,0.017410,-0.026685,-0.046528,-0.006666,0.004302,0.011496,0.037381,0.056442
-0.471485,-0.058665,-0.355217,0.038299,0.921533,-0.173389,-0.631419,-0.083863,0.046764,0.169314,0.017560,0.471268,-0.371480,-0.671516,-0.198588,-0.098706,0.150065,0.118844,0.035174,-0.201280,-0.123884,-0.040424,0.003566,0.048820,0.101637,0.150609,0.178404,-0.004381,0.022343,0.018369,-0.037694,0.050377,0.046278,-0.006792,-0.006737,-0.011509,-0.013891,-0.009843,0.050704
-1.927223,-0.689259,-0.919785,-0.480749,0.364673,-0.061762,-0.884565,-0.186301,-0.011891,0.242970,0.245187,0.211105,-0.083913,-0.313470,-0.044526,0.056808,0.042261,-0.097236,0.048176,0.008524,-0.111112,-0.001241,0.010732,0.018071,0.087316,0.138260,0.284125,0.039263,0.036820,0.008871,-0.021028,0.032619,0.075797,0.029529,0.003995,-0.013192,-0.023526,-0.037192,-0.000199
-1.798374,-0.504589,-0.397504,0.658782,0.705752,0.508679,-0.487139,-0.429222,-0.167932,-0.031704,0.070279,0.280394,0.481146,0.710751,-0.095240,-0.097356,-0.021178,-0.010399,0.179990,0.032740,-0.008650,-0.024718,-0.011792,-0.034042,-0.023090,0.121515,0.266779,0.041975,0.006993,-0.042335,-0.012496,-0.004754,0.038338,0.048499,0.013783,0.007059,-0.024569,-0.045403,-0.054022
-1.563641,-0.181730,-0.531365,-0.399278,0.288324,0.658428,-0.260577,-0.616773,0.079157,0.320606,0.088585,0.634995,0.166095,0.900607,0.041770,-0.055046,-0.000815,0.128876,0.122516,0.102289,0.090786,0.025975,0.003516,-0.059012,-0.084621,-0.059787,0.247476,-0.028669,0.016050,-0.010749,-0.041479,-0.031842,-0.001324,0.046013,0.007154,0.003918,-0.021929,-0.031952,-0.049465
4.012260,-0.956795,-1.168041,-0.108251,0.874134,0.646028,-0.741824,0.048880,-0.185803,0.064299,-0.127535,0.112130,0.327775,0.821060,0.086206,0.012934,-0.155089,-0.116037,-0.045890,0.047774,0.130590,0.046415,0.058472,-0.096562,-0.153977,-0.145348,0.140359,-0.079755,0.064103,-0.002827,-0.104931,-0.060672,-0.007093,0.030267,0.002068,0.004795,-0.009070,0.008410,-0.027053
1.098705,-0.194122,-0.871063,-0.067292,1.123407,0.665915,-0.091973,0.155062,0.147956,0.230821,-0.045771,-0.262168,-0.391646,1.586218,-0.337136,0.125305,0.019418,-0.383613,-0.085944,-0.000521,0.156046,0.013926,0.003335,-0.114793,-0.087938,-0.089114,0.068924,-0.094493,0.083644,0.010687,-0.075165,-0.045172,-0.021209,-0.006331,-0.022934,-0.013011,0.007238,0.021160,0.008537
2.271381,0.066880,-0.110998,-0.505766,-0.501620,0.178585,-0.269624,0.030635,0.084846,0.415418,-0.502741,-0.290801,-0.194810,1.519410,-0.490814,0.296502,-0.061674,-0.569246,-0.179059,0.039349,0.177403,-0.006109,0.022618,-0.073832,0.040584,-0.056536,-0.119978,0.039729,0.055732,0.028464,0.036046,-0.027170,-0.000118,-0.046838,-0.021206,-0.023905,0.029996,0.013131,0.007861
9.808781,-2.950576,-0.194090,-0.035696,-1.597466,0.298768,-0.516825,0.407826,0.014418,0.179697,-0.485547,0.256946,-0.152545,1.167131,-0.365288,0.433766,0.023451,-0.236362,-0.157935,-0.044166,0.011573,-0.122695,-0.077786,-0.015750,-0.024257,-0.029987,-0.453564,0.241566,0.000906,0.013870,0.107140,-0.037067,0.028951,-0.097282,0.007339,-0.012050,0.033220,-0.014918,-0.005628
9.713818,-2.860093,0.500578,-0.499839,-1.576651,-0.384543,-0.283742,1.080358,-0.182015,0.253062,-0.396306,0.129868,-0.154522,0.229537,0.411381,0.279958,0.047194,0.052574,-0.221909,0.077112,-0.156781,-0.047242,-0.081904,0.079229,-0.088392,-0.105771,-0.509744,0.281966,-0.064106,0.025645,0.088307,-0.016746,0.033575,-0.113925,0.033196,0.002043,0.010914,-0.019904,0.000359
5.085556,-1.175320,1.745347,0.121454,0.068930,-0.125842,-0.396028,-0.317472,-0.558838,-0.194159,-0.200438,-0.627481,-0.597546,-1.071808,1.036646,0.143639,0.059826,0.080923,-0.350764,0.206132,-0.414797,0.086612,-0.036423,0.058166,-0.136394,-0.096524,-0.355548,0.154381,-0.100852,0.015926,-0.012157,0.015096,0.011491,-0.041008,0.046747,0.022517,-0.018617,0.017187,0.025755
6.090439,1.912361,0.816097,-0.234340,-1.000572,-1.108921,0.167383,-0.676752,0.034271,0.068735,-0.113553,-0.431129,-0.663288,-1.085431,0.936094,-0.035970,0.103298,-0.093695,-0.216481,0.174411,-0.472169,0.135287,0.015610,-0.028595,-0.053684,-0.010394,-0.133600,-0.076564,-0.057918,0.028120,-0.035677,0.071426,-0.049219,0.040013,0.015768,0.005928,-0.034942,0.033427,0.046161
4.402283,1.564734,0.636169,0.265762,-1.362269,-1.697888,0.615151,-1.503757,0.461434,0.041457,-0.235599,-0.365110,-0.527499,-0.743229,0.543345,-0.161400,0.105662,-0.282512,-0.055672,0.001766,-0.146612,0.133720,0.040689,-0.101123,0.086235,0.125671,0.081311,-0.179704,-0.011705,0.024740,-0.001904,0.102432,-0.079647,0.104826,-0.023241,-0.017445,-0.019387,0.034453,0.031235
2.746449,2.001073,0.845798,0.152032,-1.501934,-1.062145,0.356735,-1.499123,0.187503,0.251734,-0.565805,-0.352472,-0.244677,-0.837983,0.096935,0.001355,0.225994,-0.061392,0.157997,-0.181451,0.000905,0.044542,-0.077644,-0.102849,0.049939,0.139521,0.127039,-0.153612,0.029654,0.012042,0.039950,0.060124,-0.049149,0.093824,-0.028750,-0.030957,0.005237,0.011530,-0.002002
1.729889,2.393193,0.684922,0.668056,-1.580052,-0.540795,-0.495608,-0.908528,0.233756,-0.001981,-0.644914,-0.085172,0.045112,-0.486927,0.121580,0.040451,0.174849,0.022384,0.221994,-0.204892,0.126544,-0.045249,-0.122277,-0.049770,0.069139,0.072958,0.127237,-0.077784,0.039880,-0.016529,0.051557,0.003276,0.011412,0.031629,-0.025514,-0.013895,0.016113,-0.010897,-0.027952
1.767281,2.134935,0.831183,1.106514,-1.317208,-0.654573,-0.503586,-0.993161,0.422800,-0.414755,-0.591002,-0.231432,-0.005291,-0.162018,0.008020,0.088776,0.149843,0.025374,0.087377,-0.082481,0.086611,0.006222,-0.136732,-0.014649,0.040279,0.011125,0.112794,-0.008928,0.009485,-0.046094,0.017908,-0.047878,0.038883,0.015043,-0.012689,0.022189,0.007040,-0.012793,-0.018002
1.572884,2.298901,0.943575,0.989552,-1.321654,-0.442132,-0.337307,-0.937938,0.019868,-0.428061,-0.551253,0.042034,-0.146643,-0.028163,0.017558,0.097250,0.010591,0.032677,-0.004035,0.046268,0.039432,-0.041395,-0.035623,-0.024032,0.008281,-0.009586,0.029404,0.003644,-0.009793,-0.048065,0.014855,-0.051375,0.022960,0.008389,-0.009331,0.040546,0.002006,-0.021352,0.000043
1.672031,2.092251,1.338738,1.025610,-1.478218,-0.549385,-0.288960,-0.931841,0.313672,-0.434357,-0.706746,-0.140810,-0.060472,-0.122638,0.095116,0.047355,-0.046764,0.039668,-0.096317,-0.007005,0.148959,-0.055472,0.043802,-0.062577,-0.016637,0.055962,0.032136,-0.049348,-0.000021,-0.045214,0.014482,-0.001947,-0.015314,0.007816,-0.023076,0.048242,0.019843,-0.005015,-0.004380
1.516956,2.522153,1.109907,0.814489,-1.297946,-0.640712,-0.311143,-0.701136,-0.009907,-0.217249,-0.743705,-0.068538,0.022954,-0.187315,0.118497,-0.009026,-0.096519,0.098544,-0.079717,-0.062029,0.149965,-0.087310,0.089906,-0.010415,-0.063596,0.061047,0.092875,-0.192694,0.030867,-0.023216,0.012293,0.047540,-0.036389,0.002654,-0.000343,0.029321,0.047766,0.014261,-0.009901
0.904858,2.647985,1.094143,0.917654,-1.080859,-1.217817,-0.580045,-0.143329,0.045615,-0.215731,-0.908404,-0.280323,0.297148,0.257349,-0.399426,0.145022,-0.144885,0.072949,0.102372,-0.134789,0.081641,-0.146817,0.160670,0.127704,0.037548,-0.046857,0.186141,-0.268034,0.052158,-0.010557,-0.000458,0.069353,-0.007640,-0.021298,0.019372,0.002136,0.054593,0.019738,-0.016979
0.634903,2.801582,1.036130,0.435443,-0.879625,-0.659783,-0.621968,-0.357256,-0.450426,0.074416,-0.516310,-0.305447,0.095687,0.577174,-1.167245,0.283185,-0.123646,0.080131,0.244931,-0.154361,0.084674,-0.001218,0.124208,0.239412,0.087092,-0.022252,0.205370,-0.149126,0.038295,-0.009715,-0.024905,0.011360,0.020956,-0.008470,0.037398,-0.019344,0.023629,0.001336,-0.000369
3.755913,-0.719737,2.372870,0.284606,-1.217300,0.122210,-1.048815,-0.584336,-0.467108,0.503358,0.034467,0.234704,-0.395059,0.989947,-1.259138,0.295695,-0.121557,0.017335,0.253267,-0.009738,0.013546,0.043851,0.041022,0.222301,0.054996,-0.019549,0.089169,0.150687,-0.055554,-0.026402,-0.042008,-0.074152,0.068008,0.002697,0.028952,-0.032072,-0.020862,-0.047272,0.014227
3.866451,-3.585052,2.388870,0.342080,-0.711769,0.301730,-1.122509,0.059034,0.216076,0.263675,0.384489,0.261301,0.234872,1.085428,-0.556960,0.206114,-0.190228,-0.088542,-0.078203,0.041012,0.112167,0.094918,0.003006,0.119843,-0.063354,0.054809,0.007592,0.374263,-0.148592,-0.049077,-0.044405,-0.101124,0.093192,-0.005834,-0.011666,-0.023062,-0.049208,-0.063732,-0.002318
5.815929,-2.562384,2.419500,0.189327,-1.065468,-0.030545,-0.411366,-0.285991,-0.017554,-0.024462,0.126752,-0.190318,0.111390,0.770755,0.438715,-0.229835,-0.318785,-0.185883,-0.300441,0.285982,0.079801,0.019330,-0.020917,0.031363,-0.242823,0.031496,-0.084135,0.317751,-0.196272,-0.047196,-0.000054,-0.046727,0.069726,-0.003336,-0.029281,-0.016001,-0.039463,-0.035617,-0.006679
6.768280,0.000406,2.417336,-0.749732,-1.562072,-1.125180,-0.683955,0.216522,-0.064672,0.370783,0.240053,-0.508557,0.222014,0.842479,0.803931,-0.565223,-0.402289,-0.179407,-0.244883,0.405119,-0.000529,-0.079380,-0.019435,-0.033835,-0.243046,-0.054977,-0.140845,0.090650,-0.173149,-0.009855,0.070143,0.053612,0.034501,-0.020408,-0.032790,-0.022080,-0.019689,0.017340,-0.008759
7.370564,0.402870,0.856829,-1.259352,-2.047614,-1.187696,0.621782,-0.155899,-0.220125,0.322771,0.319324,-0.992446,-0.164496,0.579180,0.456682,-0.787415,-0.378679,0.034253,-0.022088,0.339555,0.036551,-0.091529,-0.069414,0.003509,-0.123338,-0.004567,-0.178243,-0.082829,-0.055055,0.029989,0.118736,0.089854,-0.035870,-0.021743,-0.002831,-0.018666,-0.007852,0.072801,-0.000107
8.632858,0.282427,-0.567523,-1.580135,-1.432989,-0.772668,1.045038,-0.034366,-0.234094,-0.027096,0.066188,-0.951204,0.020461,0.223648,0.127065,-0.810452,-0.243373,0.299355,0.176468,0.281380,-0.027591,-0.098501,-0.139991,-0.013552,0.005894,0.017326,-0.248350,-0.094968,0.056678,0.052138,0.100549,0.061128,-0.074259,-0.026661,0.026942,-0.005532,-0.002288,0.081665,0.001384
8.672039,0.331720,-1.307076,-1.884624,-0.917903,-0.374477,0.971162,0.058302,-0.565292,-0.275866,0.240631,-0.784513,0.195882,-0.157886,0.169062,-0.516870,-0.182504,0.437154,0.154549,0.087226,-0.078065,0.004735,-0.102280,-0.037329,0.177655,0.004722,-0.222079,-0.024099,0.121336,0.060992,0.033042,0.018665,-0.081367,-0.033078,0.038961,0.010075,-0.001688,0.053516,-0.011767
7.535728,0.873648,-1.873298,-2.024215,-0.147475,-0.375759,1.000544,-0.099345,-0.571017,-0.250760,0.192604,-0.566492,0.171489,-0.552846,0.248612,-0.272144,-0.118523,0.345154,0.117014,-0.017259,-0.151503,0.071630,-0.046141,-0.030232,0.217889,-0.039057,-0.154190,0.013931,0.125575,0.056346,-0.030459,-0.002865,-0.075281,-0.009939,0.029510,0.012594,0.014188,0.010408,-0.012326
6.793755,1.224904,-1.905658,-2.218633,0.207741,-0.376246,1.208863,-0.668667,-0.042353,-0.234848,0.010809,0.006306,-0.194372,-0.599399,0.228298,-0.143285,0.007158,0.231062,0.139384,-0.112981,-0.157897,0.112690,-0.042422,-0.000465,0.170977,-0.054450,-0.083820,-0.010099,0.096135,0.058034,-0.060871,0.006565,-0.052082,0.023574,-0.006100,0.004905,0.028793,-0.033044,-0.005857
5.813560,1.483816,-2.052101,-2.167914,0.288965,-0.012109,0.794456,-0.705728,-0.040286,-0.342795,-0.016898,0.112717,-0.030632,-0.613254,0.215064,-0.052168,0.075214,0.145849,0.154320,-0.174721,-0.070542,0.065920,-0.077112,0.074771,0.086234,-0.035354,-0.050170,-0.045068,0.083028,0.044959,-0.061653,0.007468,-0.035172,0.043911,-0.025429,0.004625,0.023392,-0.041827,-0.008680
5.464329,1.539187,-2.142477,-1.729682,0.388044,0.352502,0.304328,-0.715977,-0.101645,-0.500248,0.345833,0.022469,-0.051898,-0.657560,0.123223,0.097417,0.146705,0.052164,0.176890,-0.216261,0.049938,-0.041082,-0.051650,0.126463,-0.005403,-0.030873,-0.104993,-0.065487,0.078872,0.041143,-0.049912,-0.021886,-0.015540,0.043347,-0.036345,0.025075,0.004750,-0.030059,-0.008208
4.039280,2.140831,-2.072247,-1.731892,0.718455,0.268250,0.271331,-0.570797,-0.124164,-0.619724,0.527118,0.007055,-0.121279,-0.801273,-0.023725,0.233475,0.139714,-0.055899,0.146033,-0.221005,0.065594,-0.045123,-0.008485,0.082083,-0.008679,-0.105765,-0.158421,-0.085725,0.063065,0.035202,-0.037098,-0.040557,0.004227,0.027209,-0.020562,0.036744,-0.024291,-0.004701,0.002383
3.224361,1.708449,-1.215709,-1.423240,0.324510,0.642420,0.012013,-0.428043,-0.296552,-0.428300,0.585440,0.029855,-0.340712,-1.194066,-0.130324,0.308700,0.274302,-0.070511,-0.028863,-0.197992,0.090816,-0.107301,0.109678,0.031850,-0.008067,-0.070622,-0.170167,-0.085289,0.015234,0.023702,-0.014230,-0.056754,0.036499,0.024408,0.013910,0.021838,-0.040877,0.015492,0.022176
1.518921,1.231583,-0.928559,-1.354337,-0.068175,0.796065,-0.549428,-0.437228,-0.265913,-0.422917,0.414066,0.057901,-0.577167,-1.434390,-0.287969,0.318442,0.266253,-0.099150,-0.055221,-0.143754,0.104764,-0.058108,0.116161,-0.059763,0.051251,0.012571,-0.092149,-0.065001,-0.032762,0.001921,0.005750,-0.051464,0.062491,0.028966,0.032131,-0.005730,-0.024187,0.017021,0.035879
-1.308731,1.115549,-0.625891,-0.054411,0.295037,-0.124244,-0.621912,-0.202146,-0.768368,0.144952,0.618240,-0.049994,-0.280607,-1.518487,-0.371191,0.172455,0.252020,-0.061039,-0.156381,0.027253,0.205093,0.066809,0.048168,-0.108847,0.079764,0.086457,0.061922,-0.031944,-0.060945,-0.035483,0.020097,-0.005373,0.062591,0.003991,0.036955,-0.034675,-0.006436,0.003434,0.023621
-3.329575,0.508053,-0.213783,-0.605913,0.055940,0.263019,-0.386741,-0.010143,-0.297901,-0.119529,0.115847,0.395391,-0.053363,-1.231408,-0.377668,0.059146,0.156085,-0.045619,-0.184427,0.143456,0.217383,0.105877,-0.022355,-0.028627,0.074004,0.094967,0.175011,0.006164,-0.062057,-0.044497,0.033856,0.018180,0.031841,-0.028166,0.011019,-0.015136,0.011952,-0.025381,0.007169
-4.547440,-0.413824,-0.392967,-0.081948,-0.160721,-0.154016,0.095681,0.700873,0.142582,-0.246455,0.012453,0.399608,-0.012071,-0.732375,-0.311919,-0.015476,0.054085,0.025344,-0.012802,0.136232,0.056118,0.084943,-0.082775,-0.031644,0.005252,0.075516,0.213067,0.030522,-0.032380,-0.041539,0.034570,0.054274,-0.005332,-0.051328,-0.015075,-0.001151,0.006483,-0.031807,-0.010652
-5.143913,-0.530949,-0.620284,-0.264628,-0.160674,-0.438981,0.031478,0.535656,-0.037798,-0.363828,0.529663,0.333200,-0.064160,-0.416093,-0.258242,-0.049755,0.022313,0.083469,0.001098,0.048963,-0.040316,0.012546,0.066463,-0.008382,-0.102910,0.081988,0.182657,0.042111,0.000497,-0.023120,0.025973,0.050971,-0.023839,-0.030919,-0.022299,0.000971,-0.021048,-0.018618,-0.013742
-5.356861,-0.453843,-0.495388,0.170887,0.556057,0.120991,0.060520,-0.125751,-0.354387,-0.272319,0.203923,0.022850,0.242387,-0.229373,-0.188856,-0.012684,-0.001818,0.105589,0.149669,0.042912,-0.059341,-0.002512,-0.006521,-0.070005,-0.071392,0.023238,0.127047,0.042809,0.017806,-0.001758,0.002818,0.009768,-0.021299,0.013275,-0.018235,0.000093,-0.015938,0.002611,-0.025455
-5.771622,-1.202982,-0.463844,-0.548206,0.237760,0.112412,-0.059418,0.109568,0.011967,0.348903,-0.032214,-0.095560,0.380150,-0.014214,-0.110233,0.064744,0.001457,0.080948,0.108377,0.019728,0.034902,-0.020560,-0.054846,-0.166964,-0.028363,0.028220,0.072717,0.050343,0.018620,0.023108,-0.000447,-0.010641,-0.008640,0.021726,-0.010265,-0.016077,0.001337,0.020707,-0.021905
-5.835541,-1.346281,-0.525319,0.083095,0.327740,0.547660,0.410533,0.493485,0.078693,-0.633879,-0.169759,0.144783,-0.065148,0.118308,-0.051727,0.064080,0.042148,0.019633,-0.001425,-0.000495,0.109749,-0.038188,-0.023067,-0.071548,-0.013496,-0.078333,0.017397,0.042757,0.008672,0.028370,0.004868,-0.026878,-0.002672,0.013061,0.014335,0.019193,0.030856,0.016105,-0.000431
-5.072136,-0.829048,-0.143262,-0.175646,0.476891,0.049777,-0.028684,0.433891,-0.413661,-0.536272,-0.393035,0.089885,0.291900,0.054213,0.063902,0.054774,0.164459,0.094986,-0.011402,0.014267,0.029761,-0.049524,-0.047490,0.002757,0.022384,-0.021331,-0.039656,0.010754,-0.008399,0.035366,0.011403,-0.003208,0.011875,0.005551,0.043034,0.040894,0.048383,0.005856,0.009387
-4.990685,-0.995092,-0.198051,0.300968,0.551129,0.122390,0.025177,0.418921,-0.418418,0.028906,-0.089100,-0.153107,-0.221548,-0.034341,0.057888,0.060608,0.120277,0.106973,-0.000271,0.034000,0.032864,0.116562,0.132102,0.076893,0.022966,0.054960,-0.036860,-0.004075,-0.006924,0.019565,0.013207,0.010336,0.002553,0.000805,0.054764,0.029784,0.032135,0.001143,0.017702
-5.905430,-0.961994,-0.231891,0.474620,0.743055,0.228614,0.211700,0.320428,-0.091898,-0.286677,-0.050609,0.209351,0.330306,-0.136541,-0.071249,0.006755,0.218457,0.094695,0.075495,0.099944,0.106656,0.221896,0.172627,0.122028,-0.003731,0.042159,-0.005914,-0.014389,-0.004377,-0.007968,-0.004883,0.004601,-0.016916,0.011960,0.033059,0.017069,0.003958,0.000524,-0.000810
-5.720638,-0.903324,-0.046525,0.595178,0.891562,0.436016,0.500332,0.744485,0.672634,0.134420,0.175201,0.244897,0.296211,0.036004,-0.001577,0.039420,0.152709,0.090721,0.024402,-0.015789,0.069020,0.233910,0.088608,0.110170,0.007081,0.032866,0.021443,0.007003,-0.012965,-0.028204,-0.012664,-0.010064,-0.020346,0.007180,-0.027887,-0.019712,-0.016996,0.014063,-0.008472
-5.690231,-1.359362,-0.143566,1.169004,0.921723,0.375841,0.383360,0.957318,0.497861,0.574233,0.291888,-0.127252,0.328239,0.073455,-0.001151,0.035803,0.079300,0.038387,0.002529,-0.079307,0.093062,0.136824,0.100629,0.016148,0.033199,-0.006179,0.044583,0.044355,-0.011663,-0.057559,-0.020888,-0.016213,-0.010270,-0.001632,-0.058262,-0.032623,-0.017843,0.020375,-0.004706
-4.931057,-0.816358,0.051013,1.007210,1.050354,0.191038,-0.182590,0.535780,0.823846,0.201584,0.477670,0.069138,0.012749,0.120256,0.088493,-0.047887,-0.030854,0.012041,-0.047511,-0.020572,0.085189,-0.052977,0.018617,0.002705,0.108919,0.025768,0.012240,0.031319,0.002386,-0.033219,-0.017999,0.003322,0.010509,-0.009441,-0.062305,-0.022624,-0.014313,-0.000964,0.002665
-5.883324,-1.022586,-0.011547,0.832642,0.903321,0.347541,0.007775,1.020370,0.722397,0.363016,-0.090639,0.525294,0.445005,0.254472,0.229507,-0.033804,-0.130631,-0.050728,-0.018385,0.033713,0.078007,-0.074549,-0.038694,0.042281,0.097103,0.020597,0.002386,0.007401,0.019636,-0.001100,-0.004958,0.010729,0.012853,-0.037575,-0.024893,-0.021423,-0.003429,-0.029982,-0.007666
-4.895187,-0.491192,-0.401355,0.593037,0.964789,0.113005,0.534305,1.256056,0.184926,0.376556,0.388047,0.651490,0.423775,0.136063,0.131121,0.095383,-0.000644,-0.027818,0.051534,0.014916,-0.002583,-0.130617,-0.013055,-0.009905,-0.033159,0.049647,-0.041084,-0.042394,0.021867,0.026468,0.011267,0.025301,0.000069,-0.047095,0.017167,-0.016316,-0.012098,-0.040222,-0.022311
-4.084488,-0.001330,-0.112311,0.540591,0.610069,0.271872,0.232991,1.092400,0.298073,0.241203,0.622127,0.235663,0.274200,0.182215,0.046176,0.114700,0.046765,-0.006971,0.025231,0.007745,-0.153182,-0.013976,-0.045854,-0.002925,-0.121685,-0.065430,-0.075335,-0.070689,-0.001682,0.024522,0.027392,0.021654,0.009637,-0.026253,0.020380,-0.012136,-0.024726,-0.018558,-0.015613
-4.996189,-0.462280,0.767712,1.184312,0.995275,0.552013,-0.212433,0.457714,0.142974,0.187874,0.058806,-0.000371,0.443293,-0.052978,-0.124666,0.045124,0.069780,0.046563,0.112196,0.001332,-0.160750,0.042568,-0.101819,-0.065084,-0.084412,-0.088373,-0.058609,-0.035414,-0.039400,-0.017011,0.011410,0.001527,0.028758,0.015161,0.014480,-0.003446,-0.004124,0.013876,-0.005631
-4.690857,-0.738633,0.199012,0.884140,0.825354,0.275823,0.416101,0.373498,0.627942,0.164080,0.058031,0.046731,0.013204,-0.117252,-0.159637,-0.018026,0.008892,0.089419,0.105449,0.121184,-0.048124,-0.011211,-0.086979,-0.115228,-0.017509,-0.017310,-0.056016,-0.008801,-0.031850,-0.019723,0.002704,-0.018467,0.008309,0.040017,-0.020970,0.014901,0.010832,0.041610,0.025715
-5.017990,-0.963079,-0.225763,0.921836,1.151315,0.838582,0.434958,0.519014,0.281520,-0.251259,0.239754,0.189948,-0.020720,-0.055002,-0.018448,-0.130491,-0.118467,-0.018541,0.014636,0.182284,0.050271,-0.026325,-0.019988,0.015662,0.017765,-0.006461,-0.011954,0.019306,-0.009487,-0.015103,-0.004775,-0.039850,-0.022391,0.021845,-0.019187,0.039633,0.025601,0.028772,0.016875
-4.928070,-0.824613,0.294681,0.766478,1.111926,0.811161,0.700513,0.716092,0.131803,-0.106672,-0.232982,0.030514,0.404968,-0.138124,-0.059805,-0.033104,-0.016217,0.017752,-0.072736,-0.012017,0.033111,-0.139730,0.023341,0.038282,0.138246,0.096656,0.007551,0.019167,0.005680,0.004776,-0.004124,-0.021646,-0.048134,-0.000406,0.006824,0.023363,0.019311,0.002387,-0.014664
-5.317062,-0.551710,-0.119633,0.488737,0.712136,0.361497,0.843916,0.596730,0.193288,0.202416,0.312275,0.132906,0.218495,-0.033426,-0.016652,-0.015227,-0.040120,0.018481,-0.105828,-0.091599,-0.045855,-0.039997,0.138622,0.050509,0.052443,-0.008611,0.021177,0.010698,0.032287,0.021174,0.018199,0.014982,-0.040820,-0.008554,0.014450,-0.003583,-0.013474,-0.018675,-0.024911
-5.534950,-1.352454,-0.044319,1.027950,1.147040,0.009038,0.114832,0.530553,-0.281730,0.105268,0.280536,1.003632,0.552128,0.027359,-0.003649,-0.029792,-0.003643,0.011874,-0.004904,-0.094478,-0.011429,0.043883,0.007289,0.012522,-0.018001,-0.116036,0.035623,0.031963,0.033044,0.017338,0.000766,0.031484,0.003696,-0.009459,0.017913,-0.013046,-0.023664,-0.043237,-0.033671
-5.010193,-0.819602,-0.127349,0.559005,1.240716,0.513700,0.100467,0.281259,0.199384,0.579335,0.323273,0.059750,-0.137549,0.119855,0.046841,0.113270,0.024871,0.092783,0.084841,-0.074239,0.000068,-0.012681,-0.040479,-0.072167,-0.045232,-0.076769,0.173056,0.044133,0.026262,0.003368,-0.045893,-0.002570,0.011022,-0.019048,-0.015248,-0.026191,-0.022713,-0.017274,0.002508
-4.971912,-0.724427,0.130356,0.742430,0.910548,0.681944,0.425709,0.772805,0.399051,-0.234124,-0.151447,-0.046177,-0.176423,0.151177,0.161301,0.153738,0.072139,-0.041758,0.059820,0.015422,-0.069111,-0.021964,0.013402,-0.077520,-0.138250,-0.111615,0.359729,0.052370,-0.015193,-0.051135,-0.090573,-0.053224,-0.007505,-0.048024,-0.023345,0.004602,0.003104,-0.001194,0.025514
-4.872353,-0.562884,0.578593,0.832677,1.432689,0.570228,0.176879,0.451233,-0.253898,0.114664,0.050703,0.363003,0.085138,1.301355,0.245006,0.093236,-0.061934,-0.327008,-0.165710,-0.055484,-0.168192,-0.124360,-0.062510,-0.074474,-0.018041,0.018171,0.193975,0.003918,-0.058198,-0.052713,-0.065649,-0.055615,-0.002641,-0.023266,-0.002309,0.012998,0.028630,0.020706,0.031858
-4.668823,-0.414906,0.658055,1.407413,0.756420,0.359156,0.162765,-0.040002,-0.223771,0.439363,-0.096430,-0.062924,-0.289158,2.233347,0.303176,-0.130460,-0.352936,-0.485631,-0.287054,-0.151744,-0.295802,-0.078292,0.051175,0.037296,-0.041608,0.038032,-0.222629,-0.076866,-0.055689,-0.011878,0.059459,0.008467,0.003166,0.043454,0.024164,0.004236,0.030343,0.039009,0.025134
