# 语音指令: add
# 采集时间: 20-Apr-2025 14:23:41
# 帧数: 61
# 特征维度: 39
# 格式: 每行一帧，每帧39个特征值，用逗号分隔
2.076897,-1.037846,-0.712416,-0.285660,1.105240,-0.696239,-0.039959,0.527093,-0.039868,-0.204210,0.109761,0.455187,0.318476,0.250687,-0.187494,-0.435091,-0.053598,0.372376,-0.144960,-0.052135,-0.312041,-0.323069,0.171614,-0.108428,-0.024339,0.164735,-0.561748,0.101638,-0.021642,0.023140,-0.005617,0.057397,0.029506,-0.030924,-0.016220,0.019282,-0.046866,-0.013975,0.002093
3.109623,-0.721881,-0.804051,-0.300489,0.598305,0.105038,-0.986193,-0.399272,-0.231987,-0.170371,-0.143622,0.271871,0.043421,-1.231134,0.240730,-0.283024,0.078177,0.137353,0.068804,0.069440,-0.207158,-0.110714,0.100706,-0.144300,-0.042711,0.058186,-0.483022,0.100954,0.094996,0.015078,-0.061810,0.058149,0.031599,0.064755,0.060918,-0.027599,0.006242,0.014641,-0.027829
-0.831226,-0.263016,-1.054858,-0.011452,0.938385,-0.527632,0.337745,-0.858929,-0.965818,0.671498,-0.296137,-0.227766,0.535799,-1.401837,0.273894,0.075746,0.039504,-0.101324,0.179660,0.069725,-0.000427,-0.000466,0.012651,-0.097075,-0.028111,-0.030422,-0.116242,0.034381,0.117128,0.007642,-0.071071,0.039494,-0.001344,0.076665,0.078895,-0.049364,0.033797,0.019881,-0.039624
-3.604923,0.576733,-0.968771,0.195962,0.628381,0.200617,0.111025,-0.157733,0.014224,-0.017908,-0.382079,0.157792,0.134154,-1.267242,0.239582,0.188957,0.015552,-0.056089,0.099889,0.078243,0.145520,0.117652,-0.052453,0.028675,0.068729,-0.036650,0.194181,-0.056111,0.070228,-0.016202,-0.017928,-0.013172,-0.033509,0.029906,0.025950,-0.023883,0.043826,0.011475,-0.012569
-4.135490,0.140852,-0.138242,-0.236598,0.407275,0.469879,-0.086871,0.366621,-0.175907,-0.167567,-0.431224,0.303425,0.087083,-0.525605,0.098088,0.232243,0.033932,-0.090451,0.140629,-0.062432,0.093946,0.160038,-0.127806,0.065738,0.065295,-0.095832,0.232478,-0.077194,-0.010415,-0.016367,0.006367,-0.037886,-0.022733,-0.027699,-0.015815,0.006045,0.035018,-0.003081,0.017384
-3.910606,0.675443,-0.015807,-0.050306,0.482500,0.288387,-0.215403,-0.078769,0.147577,-0.071994,0.102041,0.443069,0.040237,-0.135425,-0.065052,0.190300,-0.041649,-0.029060,-0.005541,-0.111619,-0.022710,0.009243,-0.013952,0.110160,-0.007107,-0.014180,0.173692,-0.065710,-0.037179,-0.011972,-0.009206,-0.032071,-0.009161,-0.036407,-0.046839,0.022951,0.001507,-0.019957,0.023898
-4.406498,0.343594,0.003783,0.371821,0.400887,0.382188,0.121609,-0.308957,0.024598,-0.124967,-0.112987,0.043497,-0.039334,-0.146693,-0.125596,0.021826,-0.055745,-0.093598,-0.046841,-0.001664,-0.116720,-0.059292,0.032971,0.131992,-0.017051,0.077920,0.066427,-0.013084,-0.046938,-0.005038,-0.007227,-0.018269,0.027295,-0.009576,-0.034836,0.020111,-0.022740,-0.009305,0.017909
-4.596333,0.043729,0.215719,-0.351982,0.430412,0.223697,-0.700478,-0.008201,-0.034239,-0.103688,0.180158,0.218975,0.119616,-0.076536,-0.114248,0.040188,-0.030497,-0.150079,-0.041983,-0.016670,-0.014862,-0.118392,0.033524,0.014028,-0.043525,0.044905,0.039074,0.032495,-0.026827,0.030147,-0.004845,0.008475,0.041302,0.014825,0.005081,0.007381,-0.036439,-0.007483,-0.018243
-4.994663,-0.378547,-0.121662,-0.423463,-0.198096,0.206129,0.181438,-0.483647,-0.490107,0.096622,0.396619,0.280403,0.583647,0.020622,0.051704,-0.019876,-0.010521,-0.110658,0.026761,0.098987,0.025541,-0.031831,-0.006476,-0.049574,0.009967,-0.001861,0.051548,0.042747,0.002681,0.040570,0.034672,0.018310,0.013537,0.032053,0.040095,-0.000605,-0.027593,-0.013054,-0.048378
-4.350845,0.276907,0.301674,0.177949,-0.225963,0.112706,-0.319583,-0.127354,-0.394178,0.069241,-0.072289,0.013052,0.044902,0.151440,0.117159,0.034811,0.160748,-0.083384,0.026149,0.152002,0.024680,0.039200,0.055358,-0.065179,-0.080493,-0.121917,0.018779,0.015931,0.006165,0.014174,0.063502,0.006172,-0.002041,0.011026,0.044839,0.001040,0.000502,-0.010084,-0.022541
-4.615841,0.573747,-0.184862,0.070645,-0.016077,0.632267,0.627940,-0.115961,-0.017466,-0.226070,-0.330303,0.191506,0.002407,0.203399,0.106452,0.069486,0.151809,0.106581,0.061347,0.019709,0.111244,0.168208,0.011747,-0.028182,-0.100222,-0.212304,0.005548,-0.019630,0.011362,-0.005011,0.059714,-0.015322,-0.035175,0.004730,0.011492,0.007523,0.008370,-0.004111,0.014592
-4.000225,0.350691,0.466228,0.506544,-0.223922,0.201127,0.126482,-0.064362,-0.019051,0.455242,0.096048,-0.294596,-0.385754,0.050387,0.005014,0.066608,-0.006450,0.191049,-0.008059,0.011845,0.032318,0.123461,0.026442,0.014274,-0.067810,-0.029735,-0.026714,-0.038489,-0.012104,-0.026458,0.034746,-0.005553,-0.018236,0.010926,-0.013649,-0.015871,-0.006564,0.026757,0.052162
-4.038059,0.296286,0.246139,0.458229,0.503991,0.587071,0.126661,0.189629,0.433890,0.010466,0.111525,-0.255319,-0.599596,0.190227,-0.012294,0.074307,0.034401,0.173464,-0.066126,-0.090569,0.064535,0.017812,0.058639,-0.019353,-0.030958,0.050686,-0.017553,-0.022909,-0.021600,-0.025782,-0.022013,-0.000424,0.014705,0.002297,-0.026691,-0.005100,-0.017186,0.039153,0.057911
-4.527901,0.451111,0.517066,-0.024911,0.780232,0.097750,0.046887,-0.101552,0.193392,0.155784,-0.211088,-0.237001,0.164458,0.035137,-0.084987,-0.033518,0.019920,0.117255,0.053162,0.074551,0.137319,0.017609,-0.092886,-0.111650,0.081798,0.127002,0.162652,-0.065725,-0.034334,-0.038955,-0.051801,0.010782,0.010654,0.005290,-0.009237,0.000540,0.000771,0.034823,0.014817
-3.307903,0.443626,0.271937,0.599639,0.630840,0.259290,0.100808,0.296012,-0.014766,0.343118,-0.318797,-0.065078,0.081994,0.156849,0.006784,-0.017586,-0.055836,-0.048133,0.032482,0.102820,0.083310,0.026532,0.027390,-0.086938,0.114866,0.132858,0.426944,-0.117008,-0.052524,-0.074706,-0.046563,0.005833,-0.012694,-0.020080,-0.001059,0.008219,0.027360,0.011464,-0.007415
-4.355133,-0.287514,0.216714,0.602564,0.486923,0.735605,0.673283,0.761050,0.312845,-0.301792,-0.446171,0.134208,0.136922,1.364436,-0.470314,-0.120088,-0.254590,-0.113171,0.028429,-0.000763,0.069942,0.055408,0.040352,0.061025,0.116699,0.029504,0.524956,-0.120475,-0.043018,-0.055687,-0.028411,-0.017031,-0.047145,-0.036275,-0.011104,0.010951,0.036218,-0.016608,-0.018334
-3.302864,0.712873,0.265915,-0.193817,0.322332,0.500867,0.535797,0.276876,0.541213,0.450385,-0.363563,0.303452,0.316682,2.805125,-0.670041,-0.251475,-0.389733,-0.087064,-0.005085,-0.143933,-0.045041,-0.003449,0.047897,0.106681,0.033822,0.033022,0.268292,-0.005501,0.002359,0.006007,-0.015156,-0.043039,-0.017084,-0.032376,-0.040459,-0.025559,0.010262,-0.048748,-0.029294
4.341740,-2.816890,-0.293671,-1.291522,0.172580,0.182661,-0.138832,0.337441,0.274962,0.399697,0.205084,0.335331,0.260596,2.725640,-0.622987,-0.214346,-0.231876,-0.102877,-0.050863,-0.151480,-0.063232,-0.045099,-0.026774,0.070350,-0.005994,0.028617,-0.200759,0.208350,0.069472,0.058678,-0.021152,-0.073766,0.034516,-0.026526,-0.055621,-0.029441,-0.022646,-0.066970,-0.029076
10.820415,-2.756577,-1.162531,-1.017609,0.200158,0.518035,-0.415826,0.170689,-0.028647,0.340221,0.053740,0.038445,0.257092,1.565904,0.069018,0.072102,-0.023232,-0.193468,-0.245741,0.054233,-0.085583,-0.221078,-0.136507,-0.007462,-0.193150,-0.097207,-0.520934,0.281476,0.102055,0.057127,-0.031642,-0.077426,0.067609,-0.017403,-0.039601,-0.009904,-0.021460,-0.058161,-0.028837
6.530083,-2.703988,-0.511195,-0.497452,-0.145269,0.404109,0.176094,0.355740,0.287291,-0.396669,-0.198867,0.205356,0.374283,0.555821,0.749931,0.264028,0.001152,-0.245123,-0.399561,0.163201,-0.101394,-0.247358,-0.094021,-0.044575,-0.275845,-0.134255,-0.418306,0.209546,0.054951,0.015289,-0.009543,-0.033551,0.043189,-0.011497,-0.009305,0.030236,-0.010550,-0.026234,-0.012481
5.818245,1.118587,0.842196,-0.711801,-0.815960,-1.231957,0.776749,-0.339679,-0.948630,-0.032948,-0.224378,-0.940624,-0.371417,0.060502,0.781723,0.299618,-0.078887,-0.279768,-0.406503,0.209971,-0.149149,-0.193749,0.001473,0.010370,-0.271210,-0.112624,-0.281862,0.007910,-0.018239,0.019578,0.022944,0.056055,-0.014777,0.011557,0.054446,0.040422,0.002946,0.041790,0.025904
10.324219,0.247115,0.450991,-1.402819,-0.960943,-1.589910,0.389752,-0.120187,-0.923927,-0.011990,0.033928,-1.035495,-0.303393,0.418518,0.619406,0.108896,-0.090479,-0.157815,-0.217185,0.098746,-0.110338,-0.122972,0.125241,-0.010520,-0.167469,-0.068086,-0.345232,-0.088551,-0.014618,0.065193,0.043982,0.106370,-0.066543,0.033785,0.087182,0.008581,0.013124,0.081918,0.027874
9.102615,0.981408,0.340667,-1.056911,-1.264555,-1.178803,0.914018,-0.622528,-0.724524,0.186235,-0.006569,-1.170597,-0.138110,-0.401938,0.220759,0.037738,0.168327,-0.091558,0.088413,-0.020190,0.012906,0.130652,0.051261,0.004779,0.062333,0.053185,-0.398243,-0.088127,0.015067,0.094973,0.052041,0.098466,-0.109077,0.055299,0.081879,-0.033159,0.020473,0.090276,0.016261
7.453941,1.496022,0.452381,-0.894159,-0.980500,-1.054195,0.802632,-0.275276,-0.654401,0.357215,-0.390950,-0.817513,-0.179489,-1.724728,0.393432,0.310198,0.365400,-0.035878,0.155678,-0.216607,0.078305,0.249886,-0.060326,0.063823,0.168021,-0.018906,-0.350695,-0.054306,0.046828,0.060389,0.031977,0.058068,-0.110173,0.042952,0.051257,-0.052147,0.028033,0.050756,0.004290
4.349716,1.967909,1.079928,0.189976,-1.423995,-0.894217,0.472575,-0.212951,-0.222205,0.152724,0.006877,-0.655462,-0.062012,-1.777226,0.260912,0.336830,0.404378,0.023053,0.150483,-0.446247,0.178611,0.239500,-0.160207,0.133918,0.234365,-0.026062,-0.043894,-0.023282,0.010185,-0.022139,0.033865,0.003404,-0.061326,0.009221,-0.012037,-0.026843,0.014926,-0.001184,-0.005858
0.978401,2.378793,2.136187,0.443666,-1.127840,-0.678172,-0.796711,0.160202,0.480990,-0.368877,0.439649,-0.194323,-0.450695,-1.446584,0.219185,0.335424,0.243319,-0.001809,0.192217,-0.510340,0.136288,0.212614,-0.165899,0.142336,0.123435,-0.007092,0.232077,-0.045441,-0.066875,-0.063740,0.022828,-0.021655,0.024949,-0.021331,-0.051113,0.015490,-0.009807,-0.033957,0.009023
0.268135,2.281485,1.731136,1.003958,-1.044629,-0.347417,-1.224427,0.313617,0.294617,-0.490231,0.457871,0.058844,-0.159464,-0.792750,0.160416,0.126374,0.062230,0.118882,0.100598,-0.329085,0.060405,0.064594,-0.103045,0.084645,0.071996,-0.007462,0.249026,-0.046119,-0.093237,-0.056936,0.019285,-0.035803,0.108146,-0.046156,-0.053845,0.042418,-0.034887,-0.032157,0.011472
-0.373241,2.802512,2.349777,0.354908,-1.189673,-0.029974,-1.714272,0.333170,0.494789,-0.398767,0.319413,-0.373162,-0.161257,-0.398917,0.130025,-0.061277,0.057333,0.060905,0.023136,-0.083891,-0.015235,-0.040428,0.021498,0.022085,-0.009224,0.028662,0.291220,-0.148638,-0.130286,-0.039218,0.032280,-0.020053,0.152275,-0.029444,-0.045944,0.042291,-0.035274,0.009968,0.019725
-0.483543,2.827537,1.802465,0.683150,-0.607960,-0.531488,-1.225682,0.066413,0.191693,-0.490765,0.618248,-0.107468,-0.239689,-0.355898,-0.013249,-0.139236,0.069260,0.109815,-0.028569,0.155807,-0.084460,-0.032233,0.058459,-0.060438,0.055764,0.031297,0.377953,-0.254837,-0.126466,-0.066058,0.006857,0.028011,0.132843,0.002538,-0.025758,0.028145,-0.022008,0.020370,0.015759
-1.529285,2.974651,1.678850,1.020216,-0.947572,-0.415719,-1.318493,0.145387,0.253103,-0.196757,0.493646,-0.194058,-0.202717,0.596611,-0.781613,-0.484055,-0.055422,0.218310,0.111332,0.393454,-0.004776,-0.077973,0.064765,-0.042501,0.202561,0.110661,0.407234,-0.222339,-0.046033,-0.078574,-0.003601,0.031784,0.065270,0.006250,-0.017186,0.008965,-0.002828,0.019480,-0.011324
-1.750576,2.109139,1.125197,1.166967,-0.441007,-0.328831,-0.346740,-0.192414,0.190743,-0.172974,-0.045208,0.319657,0.086700,1.621602,-1.267895,-0.585872,-0.377923,0.065090,0.271508,0.432742,0.081549,-0.104241,0.080643,-0.040950,0.115127,0.058932,0.346617,-0.037828,0.073114,-0.055822,-0.055370,-0.006328,-0.046773,-0.005369,0.003671,-0.000095,-0.000996,-0.012644,-0.032579
4.013603,-2.046998,-0.551783,-0.222552,0.174822,0.627087,0.506145,0.393887,-0.034386,-0.097364,0.354755,0.742283,0.430078,1.744058,-0.883041,-0.158345,-0.309474,0.029749,0.116408,0.271345,-0.044024,-0.127737,0.071879,-0.001693,0.103444,-0.080889,0.023532,0.246196,0.201891,0.006618,-0.103796,-0.061568,-0.127318,-0.035217,0.039009,-0.011543,-0.025130,-0.039667,-0.046790
7.331615,-3.112221,-1.001191,-1.181021,-0.742651,0.773338,0.783809,0.448969,-0.369328,0.025692,0.401649,0.170476,-0.146416,1.747477,-0.219093,0.271127,-0.223476,-0.237693,-0.073640,-0.129756,-0.097765,0.025764,0.048424,-0.081135,0.006744,-0.128072,-0.226271,0.335553,0.176676,0.057698,-0.088263,-0.067341,-0.108803,-0.029682,0.050623,-0.020453,-0.040424,-0.026892,-0.014303
5.332596,-0.299559,1.673251,0.164976,-0.605856,-0.174575,-0.037939,-0.505650,-0.328267,0.211638,0.245888,0.548762,-0.608634,0.787633,0.567608,0.626488,-0.084109,-0.435284,-0.172927,-0.275998,-0.171907,0.155171,-0.011470,-0.203709,-0.044502,-0.157564,-0.244896,0.176329,-0.009179,0.028991,-0.058298,0.006888,-0.004393,0.006190,0.029488,-0.022290,-0.035268,-0.030259,0.034013
9.015697,-0.223151,1.807033,-0.482705,-1.642720,-0.402756,-0.902876,-0.431264,0.499619,0.023888,-0.544719,0.439980,-0.230970,0.480252,0.550581,0.371646,-0.058969,-0.390883,-0.083956,-0.105427,-0.069788,0.139560,-0.036852,-0.235947,-0.016345,-0.020807,-0.222303,-0.013335,-0.167356,0.026537,0.039657,0.056193,0.104192,0.010680,-0.039828,-0.007648,0.014595,-0.016797,0.049990
8.198368,0.294566,2.207530,-1.098508,-2.284467,0.078464,-0.453634,-0.348894,0.555787,-0.144393,-0.543168,0.289454,-0.561281,0.618420,0.081742,-0.252582,-0.175388,-0.357409,0.178155,0.230416,-0.004254,0.042105,-0.058423,-0.181619,-0.115703,0.109777,-0.082246,-0.135866,-0.236188,0.035399,0.127265,0.049458,0.106927,-0.000903,-0.079086,0.010845,0.067958,-0.009799,0.047413
8.876328,0.263304,1.196151,-0.908477,-2.516662,0.103285,0.325676,-0.131516,0.109215,-0.013436,-0.789851,0.169764,-0.292020,0.242283,-0.049024,-0.519646,0.020093,-0.005721,0.177193,0.402653,-0.094155,-0.210832,0.008772,0.024455,-0.087386,0.102377,-0.052423,-0.096753,-0.161135,0.049873,0.161675,0.004473,0.014880,-0.016800,-0.057038,0.012056,0.094399,-0.003220,0.004640
9.300999,0.004206,0.281649,-0.757464,-2.559040,0.776282,0.920758,-0.720735,0.137806,-0.130651,-0.855384,-0.108884,0.170527,0.367242,-0.124433,-0.674415,0.140756,0.300111,0.072359,0.276094,-0.159156,-0.257199,0.041291,0.182946,-0.086229,0.125636,-0.072380,-0.013132,-0.024740,0.045852,0.153518,-0.048278,-0.076754,-0.000002,-0.006733,0.003038,0.079477,0.009326,-0.033074
9.855526,-0.402750,-0.707494,-0.485343,-1.551004,0.445794,1.131146,-0.909897,-0.706767,0.104030,-0.238624,0.035180,0.102429,0.290139,-0.044831,-0.601089,0.155913,0.466403,0.007415,-0.012486,-0.110999,-0.132990,-0.002056,0.296938,-0.058986,-0.004737,-0.095571,0.016638,0.073929,-0.007005,0.074113,-0.047691,-0.108811,0.043329,0.057834,-0.017779,0.024186,0.004096,-0.043434
9.932968,-0.199912,-1.349910,-0.337769,-0.773983,0.405780,1.021122,-1.057595,-0.760711,0.100684,0.387817,-0.239509,0.095857,0.129111,0.008304,-0.372547,0.099498,0.531396,-0.094116,-0.133486,0.011491,-0.041734,-0.035993,0.285395,-0.063710,-0.095523,-0.217817,0.013614,0.136457,-0.030148,0.018837,-0.040170,-0.078687,0.077823,0.064654,-0.012713,-0.039213,0.011068,-0.031414
10.270523,0.068536,-2.008490,-0.044976,-0.307266,0.354145,0.229119,-0.739930,-0.337956,-0.114273,0.555090,-0.179563,-0.269474,-0.277964,0.036541,-0.091251,-0.012913,0.407971,-0.092323,-0.204457,0.152827,0.120768,-0.091693,0.161796,-0.071673,-0.123598,-0.353510,-0.013322,0.145364,-0.019565,0.004134,-0.028350,-0.023559,0.065287,0.034198,0.010403,-0.075497,0.011192,0.008734
9.730160,-0.174028,-1.564660,-0.280398,0.354302,0.210845,0.518728,-0.765964,-0.334653,-0.232920,0.637348,-0.447643,-0.263553,-0.904863,-0.035860,0.118958,-0.002034,0.444092,-0.174119,-0.213890,0.299942,0.106404,-0.015008,-0.036409,-0.000630,-0.061344,-0.467385,-0.025469,0.102879,0.005572,-0.022731,-0.002505,0.001614,0.033646,0.004394,0.033168,-0.078165,0.014490,0.034468
7.879757,-0.170039,-1.221618,-0.566187,0.597230,-0.056053,0.056160,-0.073723,-0.124504,-0.311918,0.702207,-0.359973,-0.525061,-1.766728,-0.095516,0.268255,0.058848,0.514548,-0.160282,-0.144799,0.241763,0.055004,0.059708,-0.101215,-0.010336,0.032874,-0.418961,-0.024406,0.035122,0.031771,-0.048955,0.022622,0.027396,-0.015224,-0.021600,0.030482,-0.053204,0.021534,0.036779
4.871849,-0.317645,-0.963454,-0.056797,1.726952,-0.533741,-0.281465,0.572064,-0.167903,0.127985,0.058485,-0.174903,-0.168518,-2.554425,-0.089531,0.244155,0.104309,0.281114,-0.073997,-0.147029,0.226706,0.029685,0.131297,-0.162160,0.010543,0.073952,-0.189702,0.000822,-0.034530,0.025495,-0.104882,0.042721,0.026847,-0.054797,-0.000554,0.003801,-0.008398,0.021331,0.010166
0.697411,-0.494379,-0.533887,0.269475,2.429301,-0.325935,-0.299245,0.165955,-0.064463,0.131859,0.156709,-0.406237,-0.081041,-2.517922,-0.092519,0.134431,0.171105,0.095780,0.032207,-0.028237,0.082603,0.002708,0.058005,-0.167184,0.080490,0.073796,0.126993,0.021560,-0.071974,0.001143,-0.134449,0.025049,0.020945,-0.042592,0.019533,-0.023060,0.015216,0.026917,-0.013352
-3.932247,-0.606680,-0.293986,0.031092,1.304927,-0.131354,-0.246901,0.588718,-0.176600,0.449036,-0.184014,-0.375621,0.024236,-1.874560,-0.004046,-0.048241,0.131956,-0.159654,0.054971,-0.066634,-0.024120,0.133975,0.008585,-0.059232,0.110190,-0.016364,0.354688,0.023510,-0.052999,-0.010395,-0.077739,0.005104,0.036190,-0.033637,0.023721,-0.036912,0.031580,0.008415,-0.020121
-4.728420,-0.640265,-0.673304,0.564497,1.439343,-0.026359,-0.112501,0.431782,-0.111931,-0.057210,-0.304150,0.255587,-0.112680,-1.076744,0.050595,-0.100487,0.052500,-0.299954,-0.031975,-0.023730,0.055070,0.154940,-0.057655,-0.031385,0.137968,-0.032906,0.353781,0.015059,-0.012239,-0.023465,-0.020188,0.006080,0.041474,-0.007540,0.008393,-0.012140,0.037134,-0.020357,0.000183
-5.136379,-0.269628,-1.228516,0.709327,1.150139,-0.300877,-0.782199,0.241498,0.739171,0.308284,-0.119012,0.207387,-0.245003,-0.537384,0.042387,-0.011017,0.084551,-0.130575,0.001299,0.126325,-0.004471,0.137054,-0.093479,0.013966,0.041167,-0.034408,0.224621,-0.022383,0.020904,-0.027690,0.028562,0.021532,0.051642,0.004359,-0.040753,-0.001890,0.030714,-0.018321,0.026330
-6.102894,-0.323558,-0.749700,0.314287,0.499573,-0.438165,-0.152928,0.669846,0.500760,-0.153595,-0.098070,0.200649,-0.149009,-0.455686,0.024355,0.048891,0.017722,-0.096683,0.109569,0.190520,0.023562,0.069696,0.012218,0.081892,-0.041427,0.073388,0.100375,-0.046163,0.004116,-0.031805,0.030849,0.026370,0.005744,-0.013685,-0.057493,0.012775,0.022728,-0.005750,0.031598
-7.051651,-0.480403,-0.342394,0.753801,0.896879,0.099385,0.652345,0.403023,0.420918,-0.097433,-0.206991,-0.095100,-0.170199,-0.422962,-0.131647,0.058711,-0.059427,-0.073592,0.150616,0.217737,0.031664,-0.123471,-0.046291,0.121655,0.058731,0.117159,0.046412,-0.036552,-0.009502,-0.032202,0.002998,-0.009100,-0.064033,-0.019336,-0.045600,0.015452,0.001516,0.016312,0.023102
-7.032768,-0.370462,-0.803585,0.694333,0.913992,0.520148,0.477228,0.471248,0.502005,0.255637,0.272743,0.109251,0.355958,-0.303676,-0.181456,-0.079621,-0.115145,-0.123593,0.096065,-0.022173,-0.058298,-0.140413,0.008798,0.092402,0.082312,0.117492,0.066863,0.000142,-0.007064,-0.014990,0.002230,-0.029757,-0.066825,-0.028541,-0.012325,0.000485,-0.027888,0.006881,-0.013845
-7.715271,-1.121775,-0.823331,0.157053,0.444889,0.240251,0.391165,0.515039,-0.094416,-0.176402,0.493569,0.623228,0.300362,-0.187828,-0.101696,0.006841,-0.091624,-0.121147,-0.055272,-0.243398,-0.101227,-0.094314,0.018350,0.027258,0.097882,0.106003,0.082768,0.051941,0.013539,0.027011,0.029424,-0.019420,-0.038067,-0.016843,0.027889,0.011652,-0.032292,-0.029515,-0.032413
-8.019669,-1.210531,-1.053198,-0.121043,-0.105816,0.148010,-0.133291,0.188328,-0.187487,-0.026923,0.154618,0.368834,0.415777,0.005685,0.037597,0.046713,-0.079697,-0.082694,-0.005736,-0.075921,-0.116715,-0.031738,-0.022230,-0.072895,-0.013147,-0.035676,0.082895,0.064261,0.037664,0.046185,0.050588,-0.003936,0.026892,0.014568,0.037330,-0.002107,-0.013835,-0.028881,-0.032857
-8.034466,-0.736292,-0.185146,0.584588,0.591703,-0.066849,-0.628187,-0.167214,0.127080,0.194715,0.020749,0.406261,0.523366,0.120587,0.175537,0.121952,0.124337,0.100126,0.060795,-0.036711,-0.058112,0.036938,0.050843,-0.030710,-0.118657,-0.060153,0.093955,0.054859,0.018525,0.024988,0.031024,-0.008057,0.035706,0.025308,0.021843,-0.011368,-0.002982,-0.029200,-0.027579
-7.059353,-0.310507,-0.824419,-0.016817,0.281859,0.651635,0.517628,-0.002578,0.169840,-0.049590,0.010140,0.108694,0.023404,0.241295,0.189036,0.170165,0.122167,0.118668,0.013440,0.080355,0.036738,0.079519,-0.029022,0.024798,-0.029777,-0.056658,0.032641,0.003414,0.006230,-0.000084,0.010055,-0.032609,-0.011342,0.025095,0.011237,-0.004668,0.002604,0.006451,0.004092
-7.615597,-0.399492,-0.137868,0.967779,0.911129,0.409915,-0.142168,0.186225,-0.036652,0.202419,0.348026,-0.059145,0.112319,0.476498,0.261178,0.108918,-0.006241,-0.015663,-0.120358,-0.049561,0.019194,0.019465,-0.069281,-0.036776,-0.116557,-0.101150,-0.032169,-0.051619,-0.031876,-0.043398,-0.017143,-0.017806,-0.009549,0.011212,-0.002695,-0.014096,-0.018710,0.025361,0.015550
-6.844551,-0.116645,0.044432,0.535736,0.518161,0.015403,0.196261,0.219675,0.414676,-0.195723,0.143256,0.381626,0.260366,0.150003,0.047533,0.124816,-0.016136,0.024097,-0.154798,-0.150381,0.040183,0.066859,-0.002946,-0.043155,0.030432,0.004712,-0.114008,-0.091156,-0.047967,-0.018124,-0.006987,0.014911,0.001433,-0.003485,-0.005786,0.012609,-0.014081,0.015590,0.025643
-5.189293,0.910011,0.093388,0.300631,0.361700,-0.534946,-0.761043,-0.187231,0.124602,-0.165559,-0.304024,-0.528646,-0.252661,0.002436,-0.113702,-0.069578,-0.133089,-0.007676,0.016296,0.011218,0.031592,0.028641,-0.073683,-0.129882,0.037696,0.014985,0.066760,-0.097906,-0.034674,0.005763,-0.008144,0.044413,0.050956,-0.004769,-0.006864,0.023196,0.015426,0.025200,0.030918
-7.496567,-0.646322,-0.121103,0.243112,0.709791,0.108253,-0.138613,0.415182,0.525109,0.143296,0.035417,0.524931,0.254093,-0.299264,-0.280046,-0.075478,0.048565,0.035754,0.061869,0.064892,0.011740,0.037119,0.061977,-0.027081,0.006271,0.066796,0.509088,0.022435,-0.001311,-0.004212,-0.049816,0.011765,0.036091,-0.029225,-0.034932,0.012798,0.027044,-0.023237,-0.009403
-7.497429,-0.890622,-0.532116,0.260759,0.756711,0.488303,0.136917,0.262228,0.089242,-0.429780,-0.476982,0.099111,0.232146,1.279299,-0.282177,-0.026130,0.003535,-0.109087,0.109331,0.229152,0.004983,-0.011567,0.066460,0.078054,0.080775,0.088893,0.408428,0.089049,0.034097,0.010179,-0.034632,-0.023708,-0.009765,-0.025670,-0.029733,0.011217,0.038337,-0.026653,-0.022490
-7.909653,-1.081255,-0.159164,0.913369,0.551583,-0.067584,0.216756,0.036358,0.669987,0.378100,0.036147,0.088159,0.480058,3.407197,0.327183,0.118123,-0.117137,-0.325329,-0.108148,0.015517,-0.158361,-0.169445,0.017198,0.062879,-0.169136,-0.113568,-0.087654,0.108559,0.021086,-0.015312,0.008992,-0.032703,-0.050627,-0.002562,-0.008511,-0.026332,-0.003359,-0.010658,-0.029232
